StateCode,Division,YearMonth,    PCP,   TAVG,   PDSI,   PHDI,   ZNDX,   PMDI,    CDD,    HDD,   SP01,   SP02,   SP03,   SP06,   SP09,   SP12,   SP24,   TMIN,   TMAX,
       04,      00,   199901,   3.54,     45,   -.79,   3.61,   -.68,   2.56,      0,    504,   -.04,   -.64,   -.12,   -.17,    .42,   1.87,   1.08,   34.6,   55.4,
       04,      00,   199902,   4.98,   44.9,    .57,   3.81,   1.71,   3.34,      0,    473,    .65,    .32,   -.19,    .14,     .2,     .8,   1.45,   34.8,   55.1,
       04,      00,   199903,    2.4,   47.5,    .29,   3.19,   -.68,   2.44,      1,    511,   -.23,    .29,    .11,   -.02,    .03,    .52,   1.63,   36.3,   58.6,
       04,      00,   199904,   1.87,   51.3,    .47,   3.08,    .65,   2.51,      1,    393,    .43,   -.03,    .32,    .11,    .07,    .47,   1.69,   39.4,   63.2,
       04,      00,   199905,    .33,   60.4,    .22,   2.56,   -.62,   1.74,     22,    211,   -.93,   -.08,    -.3,   -.33,      0,    .05,   1.69,   46.7,   74.1,
       04,      00,   199906,    .25,   67.8,    .31,   2.41,    .35,   1.68,     77,     75,   -.11,   -.96,   -.16,    .03,   -.06,   -.01,   1.63,   53.3,   82.3,
       04,      00,   199907,    .31,   73.3,     .5,   2.38,    .65,   1.81,    193,      7,   1.11,     .3,   -.66,    .22,    .04,    .01,   1.63,   58.5,   88.1,
       04,      00,   199908,    .21,   72.6,    .52,   2.21,    .23,   1.66,    183,     10,    .09,    .64,    .15,   -.25,   -.29,    .02,   1.62,   58.2,   87.1,
       04,      00,   199909,    .18,   70.7,   -.28,    1.7,   -.83,    .85,    137,     23,   -.49,   -.45,    -.1,   -.23,    .02,   -.07,   1.55,   55.8,   85.6,
       04,      00,   199910,    .71,   63.7,   -.77,   1.01,  -1.55,   -.33,     79,     74,   -.45,   -.76,   -.76,  -1.18,   -.01,   -.11,   1.51,   48.4,     79,
       04,      00,   199911,    2.2,     53,  -1.01,    .59,   -.96,   -.97,      6,    294,   -.03,   -.31,   -.46,   -.43,   -.64,   -.55,   1.34,   41.4,   64.6,
       04,      00,   199912,    .65,   45.3,  -2.12,  -2.12,  -3.66,  -2.12,      0,    478,  -1.63,  -1.14,  -1.24,  -1.33,  -1.36,   -.74,   1.14,   33.6,     57,
       04,      00,   200001,   5.09,   45.8,   -.05,  -1.95,   -.14,  -1.95,      0,    477,    .52,   -.46,   -.52,    -.7,   -.81,    -.5,    .98,   36.6,   54.9,
       04,      00,   200002,   6.93,   47.2,      1,   -.75,      3,    .72,      0,    427,   1.26,   1.08,    .36,    .09,    .09,   -.14,    .39,   38.4,     56,
       04,      00,   200003,   1.92,   50.2,   -.54,  -1.21,  -1.61,   -.48,      1,    414,   -.53,    .69,    .71,   -.06,   -.07,   -.16,    .14,   38.6,   61.7,
       04,      00,   200004,    1.8,   57.8,   -.56,  -1.17,   -.25,   -.52,     20,    235,    .37,   -.29,    .68,    .07,   -.05,   -.14,     .1,   44.6,   71.1,
       04,      00,   200005,    .94,   63.9,   -.42,   -.97,    .25,   -.19,     63,    121,    .31,    .33,   -.27,    .15,   -.04,   -.04,   -.13,   50.4,   77.3,
       04,      00,   200006,    .31,   72.2,   -.44,   -.93,   -.19,   -.22,    158,     23,    .12,    .24,    .29,     .7,    .01,      0,   -.18,   57.3,     87,
       04,      00,   200007,    .06,   73.5,    -.8,  -1.24,  -1.22,   -.87,    186,     11,  -1.04,   -.34,    .07,    .66,    .08,   -.05,   -.19,   58.5,   88.5,
       04,      00,   200008,    .27,     75,   -.79,  -1.18,    -.2,   -.82,    251,      2,    .42,   -.15,   -.21,   -.28,    .16,   -.03,   -.17,   60.1,   89.8,
       04,      00,   200009,    .35,   69.1,   -.83,  -1.18,   -.36,   -.88,    139,     25,    .13,    .16,   -.15,    .19,    .68,      0,   -.22,   54.6,   83.6,
       04,      00,   200010,    2.2,   58.4,   -.11,   -.11,   1.91,    .64,     14,    192,   1.08,    .96,    .96,    .77,    .83,    .22,   -.06,   46.5,   70.2,
       04,      00,   200011,    .79,     46,   -.76,   -.76,  -1.99,   -.76,      0,    463,  -1.12,   -.26,    -.3,   -.36,   -.57,   -.06,   -.48,   34.8,   57.2,
       04,      00,   200012,    .77,   46.5,  -1.93,  -1.93,  -3.76,  -1.93,      0,    442,  -1.53,   -1.7,  -1.16,  -1.25,  -1.07,   -.03,    -.6,   35.4,   57.7,
       04,      00,   200101,   3.52,   42.3,  -2.35,  -2.35,  -1.84,  -2.35,      0,    593,   -.05,   -.96,  -1.31,  -1.01,     -1,   -.37,   -.66,     32,   52.6,
       04,      00,   200102,   4.42,   43.1,  -2.06,  -2.06,    .14,  -1.93,      0,    529,    .45,    .18,   -.56,    -.7,   -.72,   -.86,   -.66,   33.6,   52.6,
       04,      00,   200103,   2.21,   52.6,  -2.36,  -2.36,  -1.56,  -2.36,      4,    358,   -.35,    .07,   -.06,   -.78,   -.81,   -.75,   -.69,   40.9,   64.3,
       04,      00,   200104,   1.75,     52,  -1.99,  -1.99,    .39,  -1.75,      2,    379,    .33,   -.18,    .09,   -.93,    -.7,    -.7,   -.69,   39.7,   64.4,
       04,      00,   200105,    .15,   68.6,  -2.36,  -2.36,  -1.72,  -2.36,    106,     69,   -1.7,   -.35,   -.54,   -.75,   -.85,   -.88,   -.72,   53.3,   83.8,
       04,      00,   200106,    .23,   71.4,  -2.66,  -2.66,  -1.64,  -2.66,    155,     26,    -.2,  -1.55,   -.42,   -.19,   -.84,   -.88,   -.71,   56.4,   86.3,
       04,      00,   200107,    .28,   74.2,  -2.79,  -2.79,   -1.2,  -2.79,    197,      7,    .93,    .15,  -1.23,   -.09,  -1.08,   -.83,   -.72,   59.7,   88.8,
       04,      00,   200108,    .05,     76,  -2.89,  -2.89,  -1.18,  -2.89,    249,      2,  -1.21,   -.15,   -.44,   -.59,   -.77,   -.88,   -.73,   60.6,   91.4,
       04,      00,   200109,     .3,   71.2,  -2.82,  -2.82,   -.68,  -2.82,    160,     18,   -.02,   -.58,   -.27,   -.56,   -.22,   -.88,   -.72,   56.4,   86.1,
       04,      00,   200110,    .65,   63.6,  -3.09,  -3.09,  -1.67,  -3.09,     56,     94,   -.54,   -.68,   -.89,  -1.52,   -.35,  -1.26,   -.72,   49.8,   77.5,
       04,      00,   200111,   4.21,   51.6,  -2.24,  -2.24,   1.59,  -1.53,      4,    324,   1.04,    .67,    .62,    .53,   -.16,   -.57,   -.49,   41.4,   61.7,
       04,      00,   200112,   5.25,   42.8,  -1.41,  -1.41,   1.78,    .04,      0,    566,    .79,   1.08,    .86,    .82,    .57,    .24,    .06,   34.4,   51.2,
       04,      00,   200201,   2.22,   42.4,  -1.69,  -1.69,  -1.26,   -.73,      0,    581,   -.66,    .05,    .39,    .19,    .02,   -.01,   -.35,   32.1,   52.5,
       04,      00,   200202,   1.45,   48.2,  -2.24,  -2.24,  -2.18,  -2.03,      0,    387,   -.98,  -1.22,    -.5,   -.26,    -.3,   -.59,   -.94,   35.7,   60.7,
       04,      00,   200203,   1.91,   48.5,  -2.48,  -2.48,  -1.41,  -2.48,      0,    451,   -.54,  -1.16,  -1.32,    -.4,   -.44,   -.58,   -.95,     36,     61,
       04,      00,   200204,    .88,     56,  -2.68,  -2.68,  -1.38,  -2.68,     10,    293,   -.59,   -.82,  -1.34,   -.42,   -.57,   -.71,  -1.05,   43.3,   68.7,
       04,      00,   200205,    .59,   61.5,  -2.58,  -2.58,   -.53,  -2.58,     29,    179,   -.29,   -.78,   -.95,   -.87,   -.58,   -.62,  -1.12,   47.4,   75.5,
       04,      00,   200206,    .07,   71.2,  -2.76,  -2.76,  -1.32,  -2.76,    126,     37,  -1.05,   -.77,     -1,  -1.58,   -.59,   -.63,  -1.13,     56,   86.5,
       04,      00,   200207,    .06,   77.4,  -3.07,  -3.07,   -1.8,  -3.07,    261,      0,  -1.04,  -1.46,  -1.06,  -1.63,   -.52,   -.68,  -1.14,   62.2,   92.6,
       04,      00,   200208,    .01,   74.4,  -3.28,  -3.28,  -1.56,  -3.28,    209,      3,  -1.87,  -3.09,  -1.87,  -1.33,  -1.01,   -.68,  -1.18,   58.8,     90,
       04,      00,   200209,    .11,   70.9,  -3.37,  -3.37,  -1.28,  -3.37,    172,     15,    -.9,   -1.8,     -2,  -1.78,  -1.88,   -.72,   -1.2,   55.8,     86,
       04,      00,   200210,    .06,   59.4,  -3.77,  -3.77,  -2.26,  -3.77,     15,    184,  -1.72,  -1.88,  -2.19,  -2.33,  -2.26,   -.88,  -1.45,   45.5,   73.2,
       04,      00,   200211,   3.18,   52.3,    .09,  -3.29,    .28,  -3.12,      7,    282,    .54,   -.12,    -.3,   -.66,  -1.26,  -1.13,  -1.17,   40.6,     64,
       04,      00,   200212,   8.14,     44,    1.6,  -1.44,   4.55,    .56,      0,    536,   1.72,   1.58,    1.2,   1.03,    .63,   -.53,   -.27,   35.1,   52.9,
       04,      00,   200301,   1.92,     50,    .69,  -2.04,  -2.24,   -.93,     10,    353,   -.83,     .7,    .74,    .35,    .19,   -.67,   -.53,   39.8,   60.1,
       04,      00,   200302,   2.66,   45.7,    .37,  -2.07,   -.73,  -1.22,      0,    453,    -.3,   -.85,    .37,    .15,    .03,   -.43,   -.68,   35.3,   56.2,
       04,      00,   200303,   2.77,   51.4,     .1,  -2.09,   -.69,  -1.45,      4,    373,   -.02,   -.32,   -.77,    .16,    .06,    -.2,   -.62,   39.7,     63,
       04,      00,   200304,   3.98,     50,    1.4,   -.57,   3.92,   1.38,      1,    408,   1.72,    .88,    .37,    .72,    .46,    .34,   -.34,   39.4,   60.7,
       04,      00,   200305,   1.09,     62,   1.53,   1.53,    .85,   1.53,     35,    163,    .52,   1.65,    .91,    .68,    .52,    .42,   -.23,   48.6,   75.4,
       04,      00,   200306,    .04,   71.2,   1.53,   1.53,    .46,   1.53,    116,     44,  -1.28,    .07,   1.47,   -.15,    .52,    .44,   -.24,   56.4,   86.1,
       04,      00,   200307,    .22,   78.7,   -.19,   1.18,   -.58,     .8,    320,      0,    .53,    -.8,    .13,    .38,    .72,    .46,   -.25,   63.5,   93.8,
       04,      00,   200308,    .57,     75,   -.01,   1.23,     .5,   1.04,    272,      2,   1.59,   1.45,    .31,    .92,    .71,    .54,   -.18,   60.8,   89.2,
       04,      00,   200309,    .17,   72.9,    -.4,     .7,   -1.2,   -.17,    206,      9,   -.54,    .42,    .45,   1.47,   -.11,    .55,    -.2,   57.7,     88,
       04,      00,   200310,    .09,   65.4,  -1.35,  -1.35,  -2.96,  -1.35,     93,     61,  -1.64,  -1.72,  -1.12,   -.99,    .08,    .55,   -.27,   50.6,   80.2,
       04,      00,   200311,   2.35,   46.8,  -1.28,  -1.28,   -.21,  -1.28,      0,    435,    .07,    -.6,   -.77,    -.7,     .3,     .4,    -.5,   36.9,   56.7,
       04,      00,   200312,   5.77,     44,    .66,    .66,   1.98,    .66,      0,    532,    .97,    .69,    .31,    .37,    .93,      0,   -.44,   35.2,   52.8,
       04,      00,   200401,   2.27,   43.5,    .14,    .14,  -1.35,   -.45,      0,    544,   -.63,     .2,    .09,   -.15,   -.16,    .03,    -.5,     34,     53,
       04,      00,   200402,   5.88,   44.2,   1.01,   1.01,   2.66,   1.01,      0,    501,    .95,    .23,    .61,    .24,    .25,    .58,    .07,   34.9,   53.6,
       04,      00,   200403,   1.08,   56.9,  -1.19,  -1.19,  -3.58,  -1.19,     20,    233,   -1.2,    .17,   -.28,   -.07,   -.03,    .33,   -.03,   43.5,   70.2,
       04,      00,   200404,     .7,   57.3,   -1.7,   -1.7,  -1.88,   -1.7,     18,    233,   -.86,  -1.64,   -.12,   -.02,    -.2,    -.2,   -.03,   43.9,   70.7,
       04,      00,   200405,    .45,   63.2,  -2.15,  -2.15,  -1.89,  -2.15,     56,    126,    -.6,  -1.18,  -1.86,   -.06,   -.33,   -.32,   -.04,   49.2,   77.2,
       04,      00,   200406,    .08,   70.4,   -2.8,   -2.8,  -2.62,   -2.8,    115,     44,   -.98,  -1.09,  -1.38,   -.61,   -.32,   -.29,   -.04,   55.6,   85.2,
       04,      00,   200407,    .06,   76.1,  -3.26,  -3.26,  -2.24,  -3.26,    246,      1,  -1.04,   -1.4,  -1.45,   -.33,   -.14,   -.32,   -.04,   61.2,     91,
       04,      00,   200408,    .19,   74.8,  -3.23,  -3.23,   -.91,  -3.23,    230,      1,   -.02,    -.6,  -1.17,  -2.39,   -.11,   -.38,   -.01,     60,   89.7,
       04,      00,   200409,    .14,   69.4,  -3.26,  -3.26,  -1.09,  -3.26,    158,     20,    -.7,   -.65,   -.99,  -1.95,   -.72,   -.39,   -.01,   54.2,   84.5,
       04,      00,   200410,   3.72,   58.2,    1.6,  -1.33,   4.79,    .66,     14,    189,    2.1,   1.94,   1.88,   1.18,    .26,    .21,    .39,   46.4,   69.9,
       04,      00,   200411,   1.68,   47.7,   1.26,  -1.37,   -.53,    .34,      0,    439,   -.38,     .9,    .79,     .6,   -.77,    .07,    .23,   37.4,   57.9,
       04,      00,   200412,   5.51,   44.6,   1.73,   -.62,   1.82,   1.66,      0,    511,    .88,    .41,   1.07,    .97,    .48,    .02,   -.07,   35.2,   54.1,
       04,      00,   200501,   5.56,   44.1,   2.33,   2.33,   2.33,   2.33,      0,    519,    .66,    .92,    .63,   1.06,    .88,    .59,    .32,   35.8,   52.4,
       04,      00,   200502,   4.03,   47.1,   2.28,   2.28,    .56,   2.28,      0,    421,     .3,    .57,    .84,      1,    .92,    .23,    .48,   38.1,   56.1,
       04,      00,   200503,   3.69,   51.1,   2.21,   2.21,     .5,   2.21,      1,    379,    .44,    .39,    .59,   1.02,    .96,    .69,    .59,     40,   62.2,
       04,      00,   200504,   1.79,     53,   2.09,   2.09,    .33,   2.09,      6,    329,    .36,    .45,    .39,    .66,    .95,    .83,    .34,   40.4,   65.6,
       04,      00,   200505,   2.54,   62.2,   3.17,   3.17,   3.88,   3.17,     44,    145,   1.94,   1.28,    .96,   1.05,   1.17,   1.11,    .52,   49.5,   74.8,
       04,      00,   200506,    .67,   66.2,   3.83,   3.83,   2.96,   3.83,     70,     84,   1.19,   2.14,   1.41,    .91,   1.24,   1.18,    .58,   52.6,   79.9,
       04,      00,   200507,    .14,   78.4,   4.58,   4.58,   3.43,   4.58,    307,      0,   -.12,      1,   2.13,    .87,    .94,   1.19,    .58,   63.2,   93.5,
       04,      00,   200508,    .29,   75.8,   4.08,   4.08,   -.08,   3.99,    261,      1,    .51,     .3,    .96,   1.05,    1.1,   1.21,    .56,   60.6,     91,
       04,      00,   200509,    .32,   66.9,   3.55,   3.55,   -.32,   3.29,     90,     51,    .04,    .14,    .01,   1.32,     .9,   1.22,    .56,     52,   81.7,
       04,      00,   200510,      1,   59.9,   3.01,   3.01,   -.54,   2.48,     25,    153,   -.07,   -.23,   -.17,   1.44,    .76,    .89,    .65,   46.8,     73,
       04,      00,   200511,   2.26,   52.4,   2.42,   2.42,   -.83,   1.54,      8,    278,    .01,   -.11,   -.17,    .03,    .71,    .99,    .65,   40.8,     64,
       04,      00,   200512,   7.81,   46.1,   3.46,   3.46,   3.88,   3.46,      0,    455,   1.63,   1.25,   1.11,    1.1,   1.53,   1.31,     .9,   36.6,   55.5,
       04,      00,   200601,   4.54,   44.6,   3.49,   3.49,   1.15,   3.49,      0,    513,    .33,   1.19,   1.03,    .94,    1.3,   1.26,   1.24,     35,   54.2,
       04,      00,   200602,   2.69,   47.7,   2.84,   2.84,   -.86,   2.44,      0,    397,   -.28,   -.01,    .83,    .63,    .69,   1.01,    .76,   35.3,   60.1,
       04,      00,   200603,   5.41,     44,   3.71,   3.71,   3.48,   3.71,      0,    584,   1.13,    .49,    .46,    .96,    .95,   1.22,   1.25,   34.4,   53.7,
       04,      00,   200604,   4.16,     53,   4.61,   4.61,   3.84,   4.61,      2,    355,   1.81,   1.66,   1.05,    1.3,   1.24,   1.46,   1.59,   42.1,   63.9,
       04,      00,   200605,    .73,   64.6,   -.05,   4.09,   -.14,   3.98,     58,    121,   -.02,   1.56,   1.59,   1.35,    1.2,   1.25,   1.62,   50.7,   78.5,
       04,      00,   200606,    .15,   73.2,   -.14,   3.57,    -.3,   3.29,    193,     15,   -.57,   -.33,   1.43,    .82,   1.18,   1.17,   1.61,   58.6,   87.8,
       04,      00,   200607,    .15,   79.3,   -.68,   2.64,  -1.67,   1.68,    377,      0,   -.03,   -.62,   -.39,    .96,   1.24,   1.17,   1.62,   64.4,   94.2,
       04,      00,   200608,    .06,   73.8,   -1.1,   1.88,  -1.47,    .36,    213,      5,  -1.09,   -.88,  -1.07,   1.45,   1.29,   1.15,    1.6,   58.5,   89.2,
       04,      00,   200609,    .06,   69.5,  -1.44,   1.23,  -1.37,   -.73,    142,     24,  -1.39,   -1.8,  -1.49,    1.1,    .73,   1.11,    1.6,   54.2,   84.8,
       04,      00,   200610,    .45,   58.8,  -1.78,    .62,  -1.45,  -1.71,     19,    175,   -.86,   -1.3,   -1.5,  -1.58,    .63,   1.06,   1.26,   45.3,   72.2,
       04,      00,   200611,   2.08,   51.3,  -1.91,  -1.91,   -.95,  -1.91,      8,    305,    -.1,   -.54,   -.79,  -1.05,    .86,   1.06,   1.31,   40.3,   62.2,
       04,      00,   200612,   3.13,   43.9,  -2.02,  -2.02,   -.93,  -2.02,      0,    520,   -.09,   -.25,   -.49,   -.68,    .04,    .33,    1.1,   33.1,   54.7,
       04,      00,   200701,    .81,   41.5,  -3.09,  -3.09,  -3.81,  -3.09,      0,    608,  -1.64,  -1.09,  -1.04,  -1.38,  -1.44,   -.37,    .57,   29.5,   53.6,
       04,      00,   200702,   4.24,   46.7,  -2.81,  -2.81,   -.12,  -2.79,      0,    435,    .38,   -.68,    -.7,     -1,  -1.08,   -.09,    .57,   36.3,     57,
       04,      00,   200703,    .74,   54.4,  -3.73,  -3.73,  -3.65,  -3.73,     10,    297,  -1.56,   -.48,  -1.25,  -1.36,  -1.55,   -.93,    .23,   40.9,     68,
       04,      00,   200704,   1.27,   56.3,  -3.65,  -3.65,   -.91,  -3.65,     13,    272,   -.12,  -1.42,   -.57,  -1.21,  -1.51,  -1.56,    .18,   43.1,   69.4,
       04,      00,   200705,    .32,   64.1,  -3.88,  -3.88,  -1.81,  -3.88,     49,    135,   -.96,   -.65,  -1.76,  -1.34,  -1.61,  -1.71,   -.06,   49.5,   78.6,
       04,      00,   200706,    .12,   70.5,  -4.28,  -4.28,  -2.38,  -4.28,    124,     39,   -.74,  -1.35,   -.82,  -1.45,  -1.53,  -1.74,   -.12,   55.2,   85.9,
       04,      00,   200707,    .18,   76.9,  -4.47,  -4.47,   -1.9,  -4.47,    269,      1,    .22,   -.62,  -1.35,    -.8,  -1.39,  -1.72,   -.11,     62,   91.8,
       04,      00,   200708,    .12,   76.1,  -4.42,  -4.42,  -1.24,  -4.42,    283,      1,   -.51,    -.3,   -.87,  -2.11,  -1.45,  -1.72,   -.13,   61.1,   91.1,
       04,      00,   200709,     .5,   67.5,  -3.92,  -3.92,    .13,  -3.81,    106,     41,    .51,    .16,    .12,    -.8,  -1.49,  -1.57,   -.11,   53.6,   81.5,
       04,      00,   200710,    1.5,   58.6,  -3.33,  -3.33,    .55,  -2.96,     28,    163,    .47,    .47,    .34,   -.46,   -.67,  -1.29,   -.06,     46,   71.1,
       04,      00,   200711,    .82,   53.3,  -3.88,  -3.88,  -2.67,  -3.88,      7,    280,  -1.09,   -.68,   -.63,   -.83,  -1.83,   -1.6,   -.23,     41,   65.6,
       04,      00,   200712,   3.21,   41.2,  -3.75,  -3.75,   -.83,  -3.75,      0,    604,   -.06,   -.67,   -.53,   -.54,   -.88,  -1.56,    -.8,   31.8,   50.7,
       04,      00,   200801,   7.11,   41.1,  -2.36,  -2.36,   3.04,  -1.11,      0,    600,   1.11,    .76,    .27,    .32,    .14,   -.32,   -.54,   32.6,   49.7,
       04,      00,   200802,   2.76,   45.8,  -2.33,  -2.33,   -.66,  -1.33,      0,    456,   -.25,    .64,    .44,    .12,    .05,   -.61,   -.47,   34.7,   56.9,
       04,      00,   200803,    .61,   50.3,  -3.18,  -3.18,  -3.26,  -3.18,      4,    387,  -1.72,  -1.16,    .01,   -.34,   -.34,   -.57,  -1.05,   37.5,   63.1,
       04,      00,   200804,    .34,   54.4,  -3.53,  -3.53,  -2.03,  -3.53,     11,    289,  -1.64,  -3.09,  -1.58,   -.63,   -.56,    -.7,   -1.5,   40.3,   68.4,
       04,      00,   200805,    .54,   61.7,   -3.6,   -3.6,  -1.29,   -3.6,     30,    168,   -.39,  -1.59,  -2.92,   -.37,    -.6,   -.67,  -1.58,   48.3,   75.1,
       04,      00,   200806,    .03,   71.1,  -3.98,  -3.98,  -2.25,  -3.98,    157,     27,  -1.36,   -.98,  -1.84,   -.39,   -.65,   -.66,  -1.58,   55.5,   86.7,
       04,      00,   200807,    .14,   76.5,  -4.22,  -4.22,  -1.96,  -4.22,    265,      1,   -.12,  -1.24,  -1.09,  -1.93,   -.75,   -.67,  -1.59,   61.7,   91.4,
       04,      00,   200808,    .12,   76.6,   -4.2,   -4.2,  -1.25,   -4.2,    282,      1,   -.51,   -.54,  -1.31,  -3.09,   -.44,   -.67,  -1.61,   61.6,   91.6,
       04,      00,   200809,    .04,   71.8,  -4.29,  -4.29,  -1.56,  -4.29,    191,     12,  -1.76,  -1.48,  -1.35,  -2.94,   -.51,   -.76,  -1.59,   56.3,   87.3,
       04,      00,   200810,     .7,   61.8,   -4.3,   -4.3,  -1.35,   -4.3,     65,     93,   -.46,   -.96,  -1.08,  -1.61,  -2.19,   -.96,  -1.51,   47.6,   76.1,
       04,      00,   200811,   2.41,   53.9,  -4.13,  -4.13,   -.81,  -4.13,     12,    246,     .1,    -.2,   -.42,    -.7,  -2.15,   -.67,  -1.51,   42.9,   64.9,
       04,      00,   200812,   3.05,     42,  -3.99,  -3.99,   -.87,  -3.99,      0,    581,   -.13,   -.16,   -.33,   -.49,  -1.12,    -.7,  -1.54,   32.4,   51.7,
       04,      00,   200901,   1.27,   46.9,  -4.81,  -4.81,  -3.69,  -4.81,      5,    433,  -1.26,   -.95,   -.84,  -1.09,  -1.25,  -2.08,  -1.46,   35.5,   58.2,
       04,      00,   200902,   4.64,   45.2,  -4.15,  -4.15,    .47,  -3.92,      0,    471,    .53,    -.4,   -.49,   -.69,   -.79,  -1.57,  -1.37,   35.4,   55.1,
       04,      00,   200903,   2.26,   49.2,  -4.08,  -4.08,  -1.05,  -4.08,      1,    427,   -.31,    .15,   -.54,   -.68,    -.8,  -1.21,   -1.2,     37,   61.4,
       04,      00,   200904,    .57,   54.3,   -4.2,   -4.2,  -1.63,   -4.2,      8,    306,  -1.09,   -.79,   -.18,   -.77,   -.96,   -1.1,  -1.27,   40.7,   67.9,
       04,      00,   200905,   1.24,   66.7,  -3.67,  -3.67,    .28,  -3.51,     87,     89,    .71,   -.43,   -.56,    -.7,   -.85,   -.95,  -1.19,   52.7,   80.6,
       04,      00,   200906,     .6,   67.5,  -3.39,  -3.39,   -.27,  -3.27,     79,     68,   1.01,    .95,   -.19,   -.58,   -.69,   -.81,  -1.11,   54.3,   80.7,
       04,      00,   200907,    .05,   77.6,  -3.27,  -3.27,   -.68,  -3.27,    289,      0,  -1.19,    .57,    .82,      0,   -.63,   -.82,  -1.13,   62.2,     93,
       04,      00,   200908,    .12,   74.8,  -3.28,  -3.28,  -1.06,  -3.28,    245,      2,   -.51,  -1.23,    .15,   -.51,   -.67,   -.82,  -1.14,   59.4,   90.2,
       04,      00,   200909,    .09,     73,  -3.43,  -3.43,  -1.46,  -3.43,    228,      5,  -1.06,  -1.18,  -1.54,   -.64,   -.72,    -.8,  -1.19,   57.6,   88.4,
       04,      00,   200910,   2.07,   58.1,  -2.51,  -2.51,   1.69,  -1.78,     20,    173,    .98,    .61,    .49,     .8,    .09,   -.56,  -1.09,   45.5,   70.8,
       04,      00,   200911,    .99,   50.9,     -3,     -3,  -2.22,     -3,      5,    329,   -.93,   -.22,   -.42,   -.39,   -.81,   -.89,  -1.09,   38.6,   63.2,
       04,      00,   200912,   3.15,   41.8,     -3,     -3,   -.93,     -3,      0,    576,   -.08,   -.63,   -.31,   -.49,    -.6,   -.86,  -1.12,   32.2,   51.3,
       04,      00,   201001,   6.48,   45.2,    .67,  -2.02,      2,  -1.14,      0,    491,    .93,     .6,    .15,    .24,    .34,    .09,  -1.22,   36.6,   53.7,
       04,      00,   201002,   3.65,   46.8,    .66,  -1.75,     .2,   -.76,      0,    436,    .15,    .69,    .48,    .22,    .22,   -.12,  -1.05,   37.5,   56.1,
       04,      00,   201003,   2.19,     49,    .22,  -1.94,  -1.12,  -1.36,      0,    420,   -.36,   -.18,     .4,    .13,    .04,   -.06,   -.88,   37.2,   60.9,
       04,      00,   201004,   3.47,   50.9,   1.22,   -.72,   3.06,   1.03,      1,    388,   1.46,    .52,    .34,     .3,    .36,    .43,   -.49,     39,   62.8,
       04,      00,   201005,   1.07,   56.9,    1.5,    1.5,   1.22,    1.5,     14,    247,    .49,   1.39,    .55,     .6,    .41,    .41,   -.42,     44,   69.8,
       04,      00,   201006,    .26,   69.1,   1.93,   1.93,   1.77,   1.93,    100,     55,   -.07,    .35,   1.31,    .72,    .45,    .37,   -.39,   55.1,   83.2,
       04,      00,   201007,    .07,   76.1,   1.94,   1.94,    .62,   1.94,    213,      6,    -.9,    -.5,     .2,    .36,    .32,    .37,    -.4,   61.2,     91,
       04,      00,   201008,     .1,   73.4,   1.53,   1.53,   -.64,   1.16,    193,      9,   -.68,  -1.23,   -.84,    .45,    .56,    .37,   -.39,   58.2,   88.6,
       04,      00,   201009,    .16,   70.4,   1.04,   1.04,   -.99,    .15,    154,     20,   -.59,   -.94,  -1.22,   1.01,    .65,    .38,   -.39,   54.9,     86,
       04,      00,   201010,      3,   60.5,   1.99,   1.99,   3.17,   1.99,     28,    140,   1.66,   1.44,   1.31,    1.2,    .65,    .51,   -.12,   49.1,   71.9,
       04,      00,   201011,    2.6,   48.6,   1.84,   1.84,    .17,   1.84,      0,    393,    .22,    .98,    .88,    .74,    .77,    .75,    -.1,   37.6,   59.6,
       04,      00,   201012,   8.13,   45.8,   3.14,   3.14,   4.47,   3.14,      0,    481,   1.72,   1.43,   1.79,   1.66,   1.98,   1.45,    .49,   37.7,   53.8,
       04,      00,   201101,   1.28,   45.2,   1.98,   1.98,  -2.53,    .89,      0,    481,  -1.25,    .55,    .47,    .75,    .73,    .75,    .47,   34.6,   55.7,
       04,      00,   201102,   3.34,   43.4,   1.82,   1.82,    .13,    .77,      0,    523,    .01,   -.84,    .38,    .61,    .55,    .66,    .32,   32.3,   54.6,
       04,      00,   201103,   6.41,   48.7,   3.03,   3.03,   4.21,   3.03,      1,    436,   1.48,    .92,    .13,   1.11,   1.04,   1.28,    .79,   38.6,   58.9,
       04,      00,   201104,    1.1,   53.4,   2.47,   2.47,   -.73,   2.11,      9,    311,   -.31,   1.11,    .73,    .75,    .93,    .91,    .84,   41.1,   65.7,
       04,      00,   201105,   1.44,   57.6,   2.82,   2.82,   1.79,   2.82,     16,    240,    .94,    .18,   1.23,    .85,   1.01,    .97,    .87,   44.8,   70.3,
       04,      00,   201106,    .92,   66.9,   3.42,   3.42,   2.67,   3.42,     72,     80,   1.74,   1.45,    .56,    .25,   1.12,   1.06,     .9,   53.3,   80.5,
       04,      00,   201107,    .22,   74.2,   3.84,   3.84,   2.31,   3.84,    217,      4,    .53,   1.75,    1.5,    .99,    .92,   1.07,    .92,     60,   88.4,
       04,      00,   201108,     .1,   75.2,    3.5,    3.5,    .17,    3.5,    236,      3,   -.68,    -.2,   1.28,   1.34,    .93,   1.07,    .92,   59.8,   90.5,
       04,      00,   201109,    .28,   72.2,   -.21,   2.93,   -.62,   2.62,    180,     12,   -.09,   -.48,   -.35,     .4,    .22,   1.09,    .94,   57.3,   87.2,
       04,      00,   201110,   1.54,   61.4,   -.08,   2.73,    .31,   2.49,     43,    118,    .51,    .29,    .15,   1.07,    .95,    .91,    .87,   48.4,   74.3,
       04,      00,   201111,   1.69,   48.2,   -.45,   2.08,  -1.11,   1.34,      0,    401,   -.37,   -.13,   -.21,    .07,    .99,    .79,    .95,   37.5,   58.9,
       04,      00,   201112,    .47,   42.8,  -1.63,    .64,  -3.68,  -1.53,      0,    573,  -1.79,  -1.43,  -1.18,  -1.31,   -.98,   -.51,    .69,   30.6,     55,
       04,      00,   201201,   3.12,   46.5,  -2.27,  -2.27,  -2.42,  -2.27,      4,    445,   -.22,  -1.23,  -1.25,   -1.2,   -.85,   -.22,    .27,   34.4,   58.6,
       04,      00,   201202,   1.22,   46.5,  -3.18,  -3.18,  -3.44,  -3.18,      0,    438,  -1.13,   -.95,  -1.75,  -1.61,  -1.47,   -.64,      0,     35,     58,
       04,      00,   201203,   4.74,   48.8,  -2.31,  -2.31,   1.61,   -1.6,      1,    446,    .88,   -.14,   -.31,  -1.03,   -1.1,   -.92,    .29,   37.3,   60.4,
       04,      00,   201204,   2.48,   55.8,  -1.74,  -1.74,   1.01,   -.59,     13,    273,    .87,   1.03,    .11,   -.87,   -.84,   -.58,    .19,   43.1,   68.4,
       04,      00,   201205,     .2,   63.9,  -1.96,  -1.96,  -1.19,  -1.25,     54,    130,  -1.43,    .28,    .78,   -.89,   -.95,   -.84,     .1,   49.2,   78.6,
       04,      00,   201206,    .32,   69.3,  -1.86,  -1.86,    -.3,  -1.22,    108,     51,    .16,  -1.11,    .25,   -.24,   -.89,   -.95,    .11,   54.3,   84.3,
       04,      00,   201207,    .26,   74.7,  -1.74,  -1.74,   -.24,  -1.16,    211,      4,     .8,    .36,   -.91,   -.04,   -.99,   -.94,    .13,   59.7,   89.6,
       04,      00,   201208,     .3,   77.8,  -1.58,  -1.58,   -.06,   -.99,    335,      0,    .56,    .78,    .43,    .82,   -.84,    -.9,    .16,   62.7,   92.8,
       04,      00,   201209,     .1,   73.1,  -1.89,  -1.89,  -1.39,  -1.68,    232,      7,   -.97,   -.42,    -.2,    .14,   -.26,   -.93,    .15,   57.8,   88.3,
       04,      00,   201210,    .99,   62.2,  -1.97,  -1.97,   -.85,  -1.97,     56,     99,   -.08,    -.5,   -.41,     -1,   -.18,  -1.08,   -.09,   48.9,   75.4,
       04,      00,   201211,   3.57,   52.5,    .24,  -1.53,    .73,  -1.12,      7,    290,    .74,    .54,    .39,    .45,    .78,   -.72,    .02,   41.4,   63.6,
       04,      00,   201212,   6.15,     43,   1.08,   1.08,   2.59,   1.08,      0,    558,    1.1,   1.15,   1.02,    .98,    .95,    .31,   -.21,   34.3,   51.8,
       04,      00,   201301,   1.19,   42.1,    -.8,    -.8,  -2.39,    -.8,      0,    574,  -1.32,    .02,    .21,     .1,   -.04,   -.05,   -.28,     31,   53.2,
       04,      00,   201302,    .58,   45.3,  -1.66,  -1.66,  -2.84,  -1.66,      0,    475,  -1.64,  -2.31,   -.77,   -.58,   -.55,   -.19,   -.55,   33.1,   57.6,
       04,      00,   201303,   1.33,   53.8,  -2.43,  -2.43,  -2.84,  -2.43,      8,    317,   -.98,  -1.98,  -2.38,    -.8,   -.84,   -.78,  -1.17,     41,   66.5,
       04,      00,   201304,    .71,   58.2,  -2.83,  -2.83,  -1.95,  -2.83,     22,    219,   -.84,  -1.39,  -2.16,   -.92,     -1,  -1.11,   -1.2,   44.7,   71.7,
       04,      00,   201305,    .62,   63.8,  -2.98,  -2.98,  -1.31,  -2.98,     64,    112,   -.23,   -.95,  -1.47,  -1.32,  -1.06,  -1.03,  -1.34,   50.1,   77.5,
       04,      00,   201306,    .38,   72.4,  -3.28,  -3.28,  -1.82,  -3.28,    161,     22,    .37,   -.13,   -.82,  -2.54,   -.95,     -1,   -1.4,   57.6,   87.2,
       04,      00,   201307,    .28,     78,  -3.51,  -3.51,  -1.72,  -3.51,    289,      0,    .93,     .6,    .03,  -2.27,   -.91,   -.99,   -1.4,   63.4,   92.7,
       04,      00,   201308,    .38,   74.4,  -3.23,  -3.23,   -.24,  -3.23,    235,      2,    .91,   1.09,    .82,  -1.19,  -1.24,   -.98,  -1.37,   59.8,     89,
       04,      00,   201309,    .77,   69.3,  -2.61,  -2.61,    .87,   -2.2,    161,     21,   1.03,   1.12,   1.22,   -.24,  -2.39,   -.82,  -1.29,   55.6,   83.1,
       04,      00,   201310,    .26,   58.5,  -2.93,  -2.93,  -1.77,  -2.93,     20,    166,  -1.22,   -.58,   -.39,   -.51,  -2.17,  -1.01,  -1.43,   44.5,   72.5,
       04,      00,   201311,    .99,   51.9,   -3.4,   -3.4,  -2.32,   -3.4,      5,    302,   -.93,  -1.49,  -1.22,   -.96,  -1.76,  -1.63,  -1.55,   40.2,   63.7,
       04,      00,   201312,    .44,   44.1,  -4.37,  -4.37,  -3.95,  -4.37,      0,    497,  -1.82,  -1.76,  -1.99,  -1.83,  -2.15,  -3.09,  -1.58,     32,   56.2,
       04,      00,   201401,    .54,   50.1,  -5.88,  -5.88,  -5.89,  -5.88,     10,    339,  -1.93,  -2.67,  -2.32,  -2.44,  -2.37,  -3.09,  -1.84,   37.2,     63,
       04,      00,   201402,   4.02,   49.8,  -5.87,  -5.87,  -1.79,  -5.87,      3,    351,    .29,   -.86,  -1.68,  -1.97,  -1.87,  -2.26,  -1.48,     39,   60.6,
       04,      00,   201403,   3.28,   53.5,  -5.59,  -5.59,   -.95,  -5.59,     10,    300,    .24,    .27,   -.63,  -1.91,  -1.77,  -1.96,  -1.68,   41.6,   65.3,
       04,      00,   201404,   1.06,   57.7,  -5.53,  -5.53,  -1.56,  -5.53,     22,    217,   -.36,      0,    .08,  -1.73,  -1.83,  -1.79,  -1.85,   44.4,     71,
       04,      00,   201405,    .35,   64.6,  -6.05,  -6.05,  -3.27,  -6.05,     81,     91,   -.87,   -.85,   -.25,  -1.59,  -2.04,  -1.93,  -1.91,   50.5,   78.8,
       04,      00,   201406,    .06,   71.9,  -6.77,  -6.77,  -4.01,  -6.77,    151,     26,  -1.12,  -1.44,  -1.08,   -.91,  -2.18,  -2.07,  -1.93,   56.6,   87.1,
       04,      00,   201407,    .22,   78.4,  -7.01,  -7.01,  -2.83,  -7.01,    313,      0,    .53,   -.71,  -1.32,    -.1,  -1.98,  -2.08,  -1.95,     64,   92.7,
       04,      00,   201408,    .45,   74.9,  -6.35,  -6.35,   -.18,  -6.35,    253,      1,   1.18,   1.12,    .04,   -.23,  -1.62,   -2.1,  -1.96,   60.8,     89,
       04,      00,   201409,    .72,   72.2,  -5.53,  -5.53,     .5,  -5.29,    225,      7,    .94,   1.15,   1.16,   -.47,   -.76,  -2.07,  -1.84,   58.3,   86.2,
       04,      00,   201410,   1.06,   64.4,   -5.3,   -5.3,     -1,   -5.3,     97,     60,      0,    .25,    .45,   -.35,   -.02,  -1.77,  -1.77,   50.8,   78.1,
       04,      00,   201411,   1.84,   53.1,  -5.22,  -5.22,  -1.42,  -5.22,     11,    256,   -.27,   -.32,   -.14,   -.15,   -.43,  -1.53,  -2.06,     42,   64.2,
       04,      00,   201412,    6.3,   46.8,  -3.98,  -3.98,   2.13,  -3.13,      0,    444,   1.15,     .7,     .6,    .77,    .35,   -.31,  -2.07,   38.9,   54.6,
       04,      00,   201501,    .65,   48.6,  -4.84,  -4.84,  -3.81,  -4.84,      5,    395,   -1.8,   -.09,    -.3,    -.2,   -.38,   -.34,  -2.01,   37.9,   59.4,
       04,      00,   201502,   2.86,   53.2,  -4.86,  -4.86,  -1.55,  -4.86,      7,    269,    -.2,  -1.29,   -.28,    -.4,    -.4,   -.57,  -1.73,   41.4,     65,
       04,      00,   201503,    .78,   56.9,  -5.67,  -5.67,  -3.96,  -5.67,     26,    212,  -1.51,  -1.03,  -1.82,   -.87,   -.74,  -1.03,  -1.82,   43.7,   70.2,
       04,      00,   201504,   1.06,   56.7,  -5.53,  -5.53,  -1.31,  -5.53,     18,    236,   -.36,  -1.58,  -1.14,   -.92,   -.82,   -.97,  -1.77,     43,   70.3,
       04,      00,   201505,    .93,   60.8,  -5.11,  -5.11,   -.44,  -5.11,     23,    196,     .3,   -.27,  -1.38,   -.81,   -.85,   -.85,   -1.8,   48.4,   73.2,
       04,      00,   201506,    .23,   74.4,  -5.13,  -5.13,  -1.66,  -5.13,    197,     13,    -.2,    .12,   -.35,   -1.8,   -.91,   -.79,   -1.8,   59.6,   89.1,
       04,      00,   201507,    .66,     75,  -4.85,  -4.85,   -.75,  -4.85,    233,      1,   2.74,    1.2,    .74,   -.93,    -.8,    -.7,  -1.76,   61.4,   88.5,
       04,      00,   201508,    .08,   76.5,  -4.75,  -4.75,  -1.18,  -4.75,    300,      1,   -.87,   1.32,    .66,  -1.17,   -.73,   -.78,  -1.83,     62,     91,
       04,      00,   201509,    .33,   72.1,  -4.48,  -4.48,   -.66,  -4.48,    237,      7,    .07,   -.39,    .65,   -.12,  -1.77,   -.85,  -1.86,     58,   86.2,
       04,      00,   201510,     .9,     65,  -4.48,  -4.48,  -1.38,  -4.48,    112,     48,   -.19,   -.34,   -.51,    -.1,  -1.06,   -.92,  -1.72,   52.6,   77.5,
       04,      00,   201511,   1.87,   47.6,   -4.3,   -4.3,   -.86,   -4.3,      0,    397,   -.25,   -.39,   -.45,    -.3,  -1.27,   -.95,  -1.65,   36.3,     59,
       04,      00,   201512,   4.69,   42.3,  -3.57,  -3.57,    .86,  -3.19,      0,    567,    .57,    .21,    .09,    .18,   -.02,  -1.29,  -1.12,   32.8,   51.7,
       04,      00,   201601,   6.39,   44.5,   -2.3,   -2.3,   2.71,   -.84,      0,    507,    .91,    .92,    .67,    .54,    .61,   -.19,   -.45,   36.1,   52.9,
       04,      00,   201602,   1.21,   51.8,  -2.99,  -2.99,  -2.78,  -2.55,     10,    270,  -1.14,    .09,    .28,    .01,    .06,   -.52,   -.72,   39.3,   64.2,
       04,      00,   201603,   4.88,   52.5,  -2.08,  -2.08,    1.8,   -.95,      6,    336,    .94,    -.1,    .43,    .37,    .42,    .29,   -.54,   41.3,   63.7,
       04,      00,   201604,   1.52,   57.9,   -2.1,   -2.1,   -.68,  -1.19,     22,    212,    .12,    .77,   -.13,     .4,    .31,    .36,   -.47,   45.5,   70.4,
       04,      00,   201605,    .77,   62.2,  -1.89,  -1.89,   -.03,   -.98,     33,    159,    .04,   -.01,     .7,    .51,    .31,    .34,   -.42,   49.6,   74.8,
       04,      00,   201606,    .27,   73.5,  -1.88,  -1.88,   -.55,  -1.13,    201,     14,   -.03,   -.07,   -.07,    .36,    .32,    .37,   -.38,   58.6,   88.3,
       04,      00,   201607,    .06,   76.8,   -2.3,   -2.3,  -1.85,  -2.05,    282,      1,  -1.04,    -.5,   -.26,   -.18,    .37,    .27,    -.4,   61.6,   91.9,
       04,      00,   201608,    .06,   76.2,  -2.55,  -2.55,  -1.44,  -2.55,    268,      0,  -1.09,  -1.84,   -.97,    .58,    .47,    .28,   -.45,   61.2,   91.2,
       04,      00,   201609,     .1,   69.5,   -2.7,   -2.7,  -1.23,   -2.7,    145,     21,   -.97,  -1.48,  -1.75,   -.54,    .26,    .24,   -.53,   54.8,   84.2,
       04,      00,   201610,   3.82,   60.5,   1.57,   -.85,    4.7,   1.19,     47,    127,   2.16,   1.98,   1.83,   1.53,    .35,    .67,    -.2,     49,     72,
       04,      00,   201611,   2.16,   52.8,   1.24,   -.92,   -.49,    .81,     10,    267,   -.05,   1.13,   1.01,    .86,    .97,    .71,   -.17,   41.8,   63.7,
       04,      00,   201612,   4.49,   43.4,   1.38,   -.56,     .8,   1.37,      0,    524,     .5,    .24,    .95,     .8,    .67,    .67,   -.39,   33.9,     53,
       04,      00,   201701,   9.92,   42.2,   3.61,   3.61,    7.1,   3.61,      0,    573,   1.78,   1.59,   1.42,   1.77,   1.68,   1.29,     .7,     34,   50.3,
       04,      00,   201702,   7.94,   47.3,   4.76,   4.76,   4.56,   4.76,      0,    419,   1.55,   2.08,   2.04,   2.24,   2.18,   2.31,   1.23,     39,   55.6,
       04,      00,   201703,   2.45,   53.4,   -.45,   3.81,  -1.36,   3.24,     10,    304,    -.2,   1.07,   1.74,   1.89,   1.81,   1.75,   1.42,   41.6,   65.1,
       04,      00,   201704,   2.76,   55.6,    .48,    3.9,   1.45,   3.82,     20,    244,   1.05,    .35,   1.24,   1.66,   1.86,   1.81,   1.56,   43.6,   67.7,
       04,      00,   201705,    .43,   63.4,   -.22,   3.28,   -.66,   2.89,     46,    133,   -.65,    .63,    .15,   1.68,    1.8,   1.77,   1.52,   49.7,   77.2,
       04,      00,   201706,    .26,   72.8,   -.26,   2.88,   -.17,   2.38,    180,     17,   -.07,    -.7,    .55,   1.71,   1.82,   1.74,    1.5,   58.2,   87.3,
       04,      00,   201707,    .09,   78.8,   -.75,   2.06,  -1.58,    .92,    336,      0,   -.65,   -.42,   -.91,   1.09,   1.55,   1.75,   1.45,   63.9,   93.7,
       04,      00,   201708,    .27,   77.9,   -.98,   1.54,   -.92,    .08,    320,      0,    .42,      0,   -.26,    .12,   1.64,   1.76,   1.46,   63.6,   92.1,
       04,      00,   201709,    .43,   69.8,   -.96,    1.3,   -.24,   -.21,    161,     16,    .34,    .33,     .1,    .51,   1.69,   1.79,   1.48,   56.6,   83.1,
       04,      00,   201710,    .34,     62,  -1.55,  -1.55,  -2.05,  -1.55,     76,     87,  -1.06,   -.92,   -.84,  -1.35,    .87,   1.45,   1.41,   47.4,   76.5,
       04,      00,   201711,   2.98,   53.4,  -1.41,  -1.41,   -.08,  -1.37,     14,    251,    .43,   -.08,   -.07,   -.13,    -.1,   1.63,   1.54,   43.1,   63.7,
       04,      00,   201712,     .3,   47.5,  -2.63,  -2.63,  -4.07,  -2.63,      3,    398,  -1.95,   -.97,  -1.21,  -1.27,   -.94,   1.03,   1.12,   35.2,   59.7,
       04,      00,   201801,   3.32,   48.8,  -3.13,  -3.13,  -2.34,  -3.13,      8,    373,   -.14,  -1.22,   -.88,  -1.08,  -1.22,   -.04,    .81,   39.1,   58.6,
       04,      00,   201802,    .57,   46.6,  -4.15,  -4.15,  -4.01,  -4.15,      0,    416,  -1.65,  -1.13,  -1.98,  -1.72,  -1.74,   -1.5,    .68,   34.2,     59,
       04,      00,   201803,   5.11,     49,  -3.06,  -3.06,   1.98,  -2.24,      1,    426,   1.02,   -.24,   -.33,  -1.07,  -1.09,   -.91,    .71,   38.2,   59.7,
       04,      00,   201804,   2.13,   57.1,  -2.63,  -2.63,    .33,  -1.65,     20,    239,    .63,   1.03,   -.07,   -.72,   -.88,   -.99,    .77,   44.3,   69.9,
       04,      00,   201805,    .66,     63,  -2.42,  -2.42,   -.17,  -1.48,     35,    160,   -.15,    .36,    .93,   -.92,   -.93,   -.95,    .78,   50.1,   75.8,
       04,      00,   201806,    .07,   71.5,  -2.28,  -2.28,   -.33,  -1.43,    139,     31,  -1.05,   -.62,    .15,   -.29,   -.96,   -.98,    .75,   56.4,   86.6,
       04,      00,   201807,    .22,   79.6,  -2.41,  -2.41,  -1.09,  -1.91,    377,      0,    .53,   -.67,   -.54,   -.17,   -.79,   -.95,    .77,   65.1,   94.1,
       04,      00,   201808,    .04,   76.4,  -2.72,  -2.72,  -1.67,  -2.72,    300,      1,  -1.34,   -.54,  -1.17,    .79,  -1.02,     -1,    .77,   61.8,     91,
       04,      00,   201809,    .06,   71.2,  -2.93,  -2.93,  -1.48,  -2.93,    173,     18,  -1.39,  -2.01,  -1.26,   -.21,   -.39,  -1.08,    .76,   56.2,   86.1,
       04,      00,   201810,     .7,     61,  -3.04,  -3.04,  -1.25,  -3.04,     46,    111,   -.46,   -.93,  -1.16,  -1.42,   -.49,  -1.02,    .41,   48.4,   73.5,
       04,      00,   201811,   2.81,   52.7,   -2.8,   -2.8,   -.21,   -2.8,      9,    267,    .34,    .02,   -.17,    -.4,    .45,  -1.09,    .49,   40.9,   64.6,
       04,      00,   201812,   2.37,   44.8,  -3.07,  -3.07,  -1.69,  -3.07,      0,    491,   -.48,   -.26,   -.42,   -.59,   -.54,   -.65,    .26,   35.7,   53.8,
       04,      00,   201901,   5.22,     46,    .23,  -2.53,    .68,  -2.19,      0,    475,    .56,    .09,    .09,   -.16,   -.26,   -.35,   -.36,   36.8,   55.2,
