StateCode,Division,YearMonth,    PCP,   TAVG,   PDSI,   PHDI,   ZNDX,   PMDI,    CDD,    HDD,   SP01,   SP02,   SP03,   SP06,   SP09,   SP12,   SP24,   TMIN,   TMAX,
       05,      00,   199901,   1.07,   29.8,   -.21,   2.08,    .12,   1.67,      0,   1074,    .18,   -.54,   -.09,     .2,    .32,    .43,   1.18,   17.9,   41.7,
       05,      00,   199902,    .66,   33.3,   -.57,   1.49,  -1.14,    .56,      0,    860,  -1.06,   -.58,  -1.06,   -.01,    .58,    .23,   1.08,   18.9,   47.7,
       05,      00,   199903,    .72,   39.3,  -1.52,  -1.52,  -3.03,  -1.52,      0,    798,  -1.36,   -1.9,  -1.38,   -.17,    .37,   -.21,   1.22,   24.8,   53.7,
       05,      00,   199904,   4.38,   40.1,   1.93,   1.93,    5.8,   1.93,      0,    750,   2.21,   1.54,   1.17,     .8,    .83,    .83,   1.94,   27.7,   52.6,
       05,      00,   199905,   2.64,   50.4,   2.39,   2.39,   1.98,   2.39,      0,    438,    .83,   2.11,   1.54,    .93,   1.17,   1.45,      2,     37,   63.9,
       05,      00,   199906,   1.64,   60.5,   2.51,   2.51,   1.08,   2.51,     34,    160,    .35,    .77,   1.94,   1.16,   1.37,   1.63,   1.79,   45.7,   75.3,
       05,      00,   199907,   2.59,   68.3,   3.13,   3.13,   2.64,   3.13,    146,     14,    .78,    .69,    .98,   1.41,   1.14,   1.17,   2.04,   54.5,   82.1,
       05,      00,   199908,   3.27,   65.5,   4.29,   4.29,   4.45,   4.29,     82,     44,   1.95,    1.8,   1.51,   2.18,   1.57,   1.72,   1.84,   52.4,   78.6,
       05,      00,   199909,   1.39,   55.4,   4.15,   4.15,    .92,   4.15,      3,    298,    .05,   1.24,   1.35,    2.4,    1.7,   1.84,   1.65,   41.3,   69.5,
       05,      00,   199910,    .57,     48,    -.5,   3.23,   -1.5,   2.59,      0,    535,  -1.16,   -.74,    .41,    .86,   1.29,   1.09,   1.05,   31.1,   64.8,
       05,      00,   199911,    .37,   41.2,  -1.48,   1.86,   -3.1,    .01,      0,    696,  -1.48,  -1.83,  -1.43,    .23,   1.15,    .77,    .78,   25.1,   57.3,
       05,      00,   199912,    .73,   27.9,  -1.74,   1.26,  -1.23,   -.98,      0,   1103,   -.68,  -1.53,  -1.75,   -.07,   1.38,    .81,    .76,   15.2,   40.7,
       05,      00,   200001,   1.25,   29.1,  -1.61,   1.08,   -.15,  -1.09,      0,   1098,    .52,    -.1,   -.97,   -.26,    .37,     .9,    .89,   17.2,     41,
       05,      00,   200002,   1.19,   34.3,  -1.69,    .72,   -.75,  -1.54,      0,    840,    .31,    .47,   -.04,  -1.17,     .1,   1.08,    .92,   21.1,   47.5,
       05,      00,   200003,   2.55,   36.6,  -1.12,   1.04,    1.2,   -.71,      0,    864,   1.61,   1.48,   1.39,   -.36,    .63,   1.84,   1.19,   24.2,   49.1,
       05,      00,   200004,   1.32,   46.4,  -1.51,  -1.51,  -1.51,  -1.51,      0,    561,   -.47,    .63,    .66,    -.1,     .1,    .59,    1.1,     31,   61.9,
       05,      00,   200005,    1.2,   56.1,  -2.22,  -2.22,   -2.6,  -2.22,     10,    282,   -.99,  -1.08,   -.06,    -.1,   -.88,      0,   1.08,   40.8,   71.5,
       05,      00,   200006,      1,     63,  -2.62,  -2.62,  -1.87,  -2.62,     55,    115,   -.68,  -1.25,  -1.29,   -.18,     -1,   -.24,   1.02,   47.3,   78.7,
       05,      00,   200007,   1.63,   69.8,  -3.14,  -3.14,  -2.38,  -3.14,    178,      7,   -.79,  -1.08,  -1.57,   -.59,    -.9,   -.62,    .35,   54.1,   85.4,
       05,      00,   200008,   2.01,     69,  -3.22,  -3.22,  -1.23,  -3.22,    153,     12,    .05,   -.48,   -.79,    -.6,   -.57,  -1.11,    .42,   53.9,   84.2,
       05,      00,   200009,   1.35,   59.4,  -3.15,  -3.15,   -.76,  -3.15,     21,    192,   -.01,   -.02,   -.42,  -1.26,   -.43,   -1.1,    .54,     44,   74.9,
       05,      00,   200010,   1.76,   47.4,  -2.54,  -2.54,    .86,  -2.13,      0,    546,    .66,    .38,    .33,   -.72,    -.3,   -.58,    .29,   34.2,   60.6,
       05,      00,   200011,    .83,   27.2,  -2.42,  -2.42,   -.43,  -2.13,      0,   1137,   -.37,    .28,     .2,   -.44,   -.43,   -.43,    .14,   15.2,   39.2,
       05,      00,   200012,    .82,   25.7,  -2.56,  -2.56,  -1.15,  -2.56,      0,   1224,   -.45,   -.68,    -.1,   -.37,  -1.08,   -.42,    .26,   13.2,   38.2,
       05,      00,   200101,   1.02,   24.7,  -2.58,  -2.58,   -.86,  -2.58,      0,   1215,    .08,   -.31,   -.54,   -.12,   -.92,   -.53,    .26,   11.8,   37.6,
       05,      00,   200102,   1.14,   28.2,  -2.55,  -2.55,   -.72,  -2.55,      0,   1043,     .2,    .08,   -.27,   -.13,    -.6,   -.55,    .37,   16.6,   39.7,
       05,      00,   200103,   1.42,     36,  -2.73,  -2.73,  -1.31,  -2.73,      0,    903,    .03,    .09,    .04,   -.12,   -.42,  -1.01,    .56,   24.2,   47.9,
       05,      00,   200104,   1.65,   45.9,  -2.85,  -2.85,  -1.21,  -2.85,      0,    576,    .02,   -.09,   -.06,   -.46,   -.22,   -.87,   -.24,   32.1,   59.6,
       05,      00,   200105,   2.69,   53.9,  -2.28,  -2.28,    .82,  -1.88,      2,    360,    .88,    .51,     .4,    .19,    .16,   -.29,    -.2,   39.9,     68,
       05,      00,   200106,    .94,   63.9,  -2.67,  -2.67,  -1.87,  -2.67,     71,     96,    -.8,    .26,    .07,    .01,   -.05,   -.31,   -.39,   47.8,   79.8,
       05,      00,   200107,   2.44,   70.2,  -2.46,  -2.46,   -.18,  -2.46,    194,      4,    .54,    -.2,    .46,    .19,   -.07,    .02,   -.46,   55.4,   85.1,
       05,      00,   200108,   1.97,   66.9,  -2.38,  -2.38,   -.54,  -2.38,    105,     27,   -.02,    .34,   -.19,    .12,      0,    .02,    -.8,   52.1,   81.6,
       05,      00,   200109,   1.04,   60.3,  -2.62,  -2.62,  -1.47,  -2.62,     26,    161,   -.49,   -.39,   -.03,   -.03,   -.05,   -.09,   -.94,   44.4,   76.2,
       05,      00,   200110,    .65,   47.9,  -2.93,  -2.93,  -1.72,  -2.93,      0,    537,   -.98,  -1.05,   -.84,   -.31,   -.33,   -.48,   -.88,   32.7,     63,
       05,      00,   200111,    1.2,   37.9,  -2.89,  -2.89,    -.8,  -2.89,      0,    806,    .38,   -.56,   -.78,   -.63,   -.29,   -.37,   -.66,   24.4,   51.3,
       05,      00,   200112,    .65,   26.4,  -3.17,  -3.17,  -1.74,  -3.17,      0,   1152,   -.91,   -.39,   -.96,   -.64,   -.49,   -.46,   -.62,   13.7,   39.2,
       05,      00,   200201,    .64,   25.4,  -3.56,  -3.56,  -2.13,  -3.56,      0,   1203,   -.83,  -1.31,   -.78,  -1.23,   -.65,   -.63,   -.78,   12.3,   38.4,
       05,      00,   200202,    .48,   27.1,  -4.22,  -4.22,   -3.1,  -4.22,      0,   1035,  -1.65,  -1.66,  -1.87,  -1.78,  -1.31,   -.88,   -.98,   12.2,   41.9,
       05,      00,   200203,    .87,     32,  -4.74,  -4.74,  -2.85,  -4.74,      0,   1036,  -1.01,  -1.96,  -2.11,  -1.88,  -1.42,  -1.12,  -1.48,     17,   46.9,
       05,      00,   200204,    .57,   47.3,  -5.74,  -5.74,  -4.46,  -5.74,      0,    539,  -3.09,  -2.36,  -3.06,  -2.26,  -2.13,  -1.53,  -1.78,   32.1,   62.6,
       05,      00,   200205,    .57,   53.4,  -6.79,  -6.79,  -4.91,  -6.79,      3,    376,  -2.12,  -3.09,  -2.93,  -3.09,  -2.92,  -2.24,   -1.9,   37.6,   69.2,
       05,      00,   200206,    .87,   67.1,  -7.84,  -7.84,  -5.27,  -7.84,    123,     54,   -.95,  -2.66,  -3.03,  -3.09,  -2.77,  -2.27,  -1.99,   50.4,   83.7,
       05,      00,   200207,   1.02,     71,     -9,     -9,  -5.91,     -9,    208,      2,  -1.84,  -2.07,  -3.09,  -3.09,  -3.09,  -2.87,  -2.02,     55,   87.1,
       05,      00,   200208,   1.49,   66.8,  -9.09,  -9.09,  -3.04,  -9.09,     95,     34,    -.8,  -1.79,  -1.91,   -2.9,  -3.09,  -3.09,  -2.26,   51.2,   82.3,
       05,      00,   200209,    2.1,   58.4,  -7.85,  -7.85,    .91,  -7.47,     17,    201,    .96,    .22,   -.75,  -2.42,     -3,  -2.79,     -2,   44.7,     72,
       05,      00,   200210,   1.62,   43.2,  -6.66,  -6.66,   1.13,  -5.83,      0,    699,     .5,    .89,     .4,  -1.42,  -2.45,  -2.64,  -1.92,   30.1,   56.3,
       05,      00,   200211,    .98,   33.7,  -6.12,  -6.12,   -.43,  -5.39,      0,    936,   -.06,    .29,    .78,   -.72,  -1.99,  -2.57,  -1.87,   21.2,   46.2,
       05,      00,   200212,    .64,   27.6,  -6.05,  -6.05,  -1.69,  -5.86,      0,   1119,   -.94,   -.73,   -.26,   -.69,  -2.02,  -2.52,  -2.01,   15.4,   39.8,
       05,      00,   200301,    .44,   31.6,  -6.27,  -6.27,  -2.54,  -6.27,      0,   1006,  -1.49,   -1.8,  -1.39,   -.47,  -1.74,  -2.64,  -2.22,   18.7,   44.6,
       05,      00,   200302,   1.49,   26.3,  -5.83,  -5.83,    -.6,  -5.83,      0,   1096,    .93,   -.27,   -.78,    .13,  -1.02,  -2.06,  -2.06,   14.5,   38.2,
       05,      00,   200303,   2.19,   36.6,  -5.31,  -5.31,   -.24,  -5.31,      0,    876,   1.16,   1.42,    .59,    .15,   -.42,  -1.62,  -1.86,   23.9,   49.4,
       05,      00,   200304,   1.57,   45.3,  -5.15,  -5.15,  -1.16,  -5.15,      0,    571,   -.09,    .54,     .8,   -.16,    .04,  -1.21,  -2.01,   31.4,   59.3,
       05,      00,   200305,   1.75,   53.8,  -5.01,  -5.01,  -1.17,  -5.01,      3,    349,   -.21,   -.29,    .24,    -.2,     .2,   -.73,  -2.22,   39.7,     68,
       05,      00,   200306,   2.07,   60.1,  -4.21,  -4.21,    .84,  -3.84,     25,    186,    .89,    .42,    .15,    .36,    .16,   -.27,  -1.97,   45.7,   74.4,
       05,      00,   200307,   1.02,   72.4,  -4.86,  -4.86,  -3.24,  -4.86,    240,      0,  -1.84,   -.53,   -.51,    .09,   -.45,   -.27,   -2.2,   55.6,   89.3,
       05,      00,   200308,   1.85,   68.4,  -4.88,  -4.88,  -1.56,  -4.88,    137,     15,   -.21,  -1.36,   -.54,   -.22,    -.5,    -.1,  -2.34,   53.5,   83.3,
       05,      00,   200309,   1.44,   56.7,  -4.43,  -4.43,   -.15,  -4.43,      7,    266,    .12,   -.09,  -1.02,   -.58,   -.28,   -.35,  -2.17,   41.2,   72.1,
       05,      00,   200310,    .37,   51.5,  -4.97,  -4.97,     -3,  -4.97,      0,    419,  -1.66,   -.91,   -.84,   -.96,   -.41,   -.81,  -2.11,   35.6,   67.3,
       05,      00,   200311,   1.34,     33,  -4.28,  -4.28,    .54,  -4.02,      0,    956,    .64,   -.74,   -.51,   -.71,   -.45,   -.69,  -2.05,   21.3,   44.7,
       05,      00,   200312,    .91,   28.6,  -4.11,  -4.11,   -.84,  -4.11,      0,   1104,   -.23,    .18,   -.85,  -1.23,    -.9,   -.61,  -2.11,   15.7,   41.5,
       05,      00,   200401,     .9,   26.2,  -4.03,  -4.03,  -1.01,  -4.03,      0,   1163,   -.18,   -.36,    .04,   -.78,   -.91,   -.44,  -2.08,     13,   39.3,
       05,      00,   200402,   1.27,   26.3,  -3.71,  -3.71,    -.3,  -3.71,      0,   1064,    .48,    .09,   -.15,   -.64,   -.78,   -.53,  -1.81,   13.7,   38.8,
       05,      00,   200403,    .61,   41.8,  -4.73,  -4.73,  -4.19,  -4.73,      0,    716,  -1.63,   -.94,   -.92,  -1.25,  -1.53,  -1.17,  -1.89,     27,   56.7,
       05,      00,   200404,   3.15,   44.4,  -3.63,  -3.63,   1.83,  -2.89,      0,    612,   1.42,    .54,    .63,    .41,   -.31,   -.54,  -1.31,   31.4,   57.4,
       05,      00,   200405,     .7,   54.8,  -4.47,  -4.47,  -3.63,  -4.47,      5,    317,  -1.86,    .15,   -.51,   -.54,   -.82,   -.93,  -1.22,   39.8,   69.9,
       05,      00,   200406,   1.99,   60.8,    .05,  -3.96,    .14,  -3.85,     30,    169,     .8,   -.64,    .43,   -.12,   -.51,   -.95,   -.91,     46,   75.7,
       05,      00,   200407,   2.36,   65.9,    .18,  -3.41,    .42,  -3.08,     76,     41,    .41,    .81,   -.32,    .08,    .06,   -.45,   -.54,   51.4,   80.5,
       05,      00,   200408,   1.85,   63.2,    .16,  -3.06,      0,  -2.68,     34,     88,   -.21,    .13,     .5,   -.11,   -.16,   -.43,   -.41,   48.6,   77.8,
       05,      00,   200409,   2.17,   57.7,    .76,  -2.13,   1.84,  -1.01,     15,    215,   1.04,    .65,     .7,    .72,    .27,   -.13,   -.44,   43.3,   72.1,
       05,      00,   200410,   1.47,   46.8,    .83,  -1.76,    .46,   -.47,      0,    546,    .31,    .83,    .59,     .1,    .37,    .33,   -.47,     34,   59.6,
       05,      00,   200411,   1.69,   33.8,   1.28,  -1.05,   1.59,    .77,      0,    930,   1.24,    .86,   1.22,   1.09,    .53,    .45,   -.28,   22.7,   44.9,
       05,      00,   200412,    .77,   28.4,    .96,  -1.13,   -.56,    .41,      0,   1106,   -.58,    .47,     .4,    .72,    .78,    .38,   -.17,     16,   40.9,
       05,      00,   200501,   1.97,   30.2,   1.66,   1.66,   2.39,   1.66,      0,   1076,   1.61,    .87,   1.33,   1.26,    .61,    .81,    .26,     19,   41.4,
       05,      00,   200502,   1.06,   31.3,    1.8,    1.8,    .93,    1.8,      0,    935,    .01,   1.22,    .68,    1.5,   1.33,     .7,    .13,     19,   43.5,
       05,      00,   200503,    1.4,   35.2,    1.8,    1.8,    .56,    1.8,      0,    913,      0,   -.05,    .89,     .9,   1.12,   1.03,   -.15,     22,   48.3,
       05,      00,   200504,   1.97,   43.4,   1.82,   1.82,    .63,   1.82,      0,    649,     .4,     .2,    .14,    .84,    .99,    .55,   -.02,   29.4,   57.5,
       05,      00,   200505,   1.49,   53.2,   1.25,   1.25,  -1.16,    .62,      2,    374,   -.56,   -.17,   -.21,    .15,    .78,    .84,   -.08,   38.8,   67.6,
       05,      00,   200506,    2.2,   60.9,   1.74,   1.74,   1.87,   1.74,     43,    146,   1.04,    .31,    .32,    .66,    .71,    .93,   -.02,     46,   75.9,
       05,      00,   200507,   1.05,     70,   -.64,    .93,  -1.91,   -.08,    185,      6,  -1.79,   -.34,    -.6,   -.43,    .23,    .43,   -.06,   53.3,   86.8,
       05,      00,   200508,   2.23,     65,    -.4,      1,     .5,    .21,     68,     53,    .39,   -.89,   -.09,   -.28,    .02,     .6,    .09,   50.7,   79.4,
       05,      00,   200509,   1.35,   60.2,   -.56,     .7,   -.59,   -.37,     32,    158,   -.01,    .21,   -.73,   -.27,    .14,    .27,    .02,     45,   75.3,
       05,      00,   200510,   2.33,   48.3,     .7,   1.33,   2.11,   1.09,      0,    515,   1.25,    .86,    .88,    .16,    .16,    .62,    .57,   34.6,   61.9,
       05,      00,   200511,    .89,   37.5,   -.35,    .84,  -1.05,    .06,      0,    805,   -.24,    .92,    .69,    .34,    .09,    .31,    .44,   24.1,     51,
       05,      00,   200512,   1.01,     26,   -.45,    .62,    -.4,   -.35,      0,   1206,   -.01,   -.32,    .69,   -.11,    .07,    .39,    .51,   13.4,   38.6,
       05,      00,   200601,    .97,   29.9,   -.58,   -.58,   -.55,   -.58,      0,   1032,   -.03,    -.1,   -.29,    .53,   -.06,   -.01,    .54,   16.4,   43.5,
       05,      00,   200602,    .46,     28,  -1.18,  -1.18,  -1.96,  -1.18,      0,   1046,  -1.72,  -1.08,   -.95,   -.06,   -.15,   -.27,    .31,   13.4,   42.6,
       05,      00,   200603,   1.62,   34.9,   -1.3,   -1.3,   -.74,   -1.3,      0,    936,    .36,   -.61,   -.58,    .09,   -.45,   -.18,    .59,   21.7,     48,
       05,      00,   200604,    .91,   47.1,  -2.16,  -2.16,  -2.99,  -2.16,      0,    529,   -1.4,   -.67,  -1.35,  -1.17,   -.34,   -.61,   -.07,   31.3,   62.8,
       05,      00,   200605,    .91,   55.6,   -3.2,   -3.2,  -3.79,   -3.2,      9,    299,  -1.47,  -1.99,  -1.36,  -1.76,   -.94,   -.82,    .01,   39.9,   71.3,
       05,      00,   200606,    .81,   65.7,  -4.17,  -4.17,  -3.88,  -4.17,    106,     64,  -1.08,  -2.04,  -2.21,  -1.96,  -1.13,  -1.33,   -.32,   49.4,   82.1,
       05,      00,   200607,      3,   69.6,   -.04,  -3.78,   -.12,  -3.76,    173,      8,   1.43,    .26,   -.62,  -1.29,  -1.24,   -.61,   -.17,   55.5,   83.8,
       05,      00,   200608,   2.66,   65.6,     .3,  -3.09,    .89,  -2.67,     83,     40,   1.05,    1.6,    .71,    -.5,   -.83,   -.42,     .1,   52.2,   79.1,
       05,      00,   200609,   2.19,   53.5,      1,  -2.04,   2.21,   -.71,      1,    337,   1.07,   1.41,   1.77,   -.17,   -.41,   -.07,    .06,   39.6,   67.5,
       05,      00,   200610,   2.83,   44.9,   2.15,   -.57,   3.76,   2.13,      0,    615,    1.7,   1.84,   1.95,      1,    .29,    .17,    .44,   32.2,   57.6,
       05,      00,   200611,     .8,   36.5,   1.67,   -.77,   -.78,   1.45,      0,    849,   -.44,    1.3,   1.53,   1.45,    .42,     .1,    .18,   22.9,     50,
       05,      00,   200612,   1.51,   26.8,   1.95,   1.95,   1.35,   1.95,      0,   1172,     .9,    .26,   1.58,   2.25,    .55,    .28,    .44,   15.3,   38.4,
       05,      00,   200701,      1,   19.4,   1.89,   1.89,    .42,   1.89,      0,   1425,    .04,     .6,    .21,   1.93,    .97,    .29,    .19,    6.9,   31.9,
       05,      00,   200702,    .96,   27.7,   1.83,   1.83,    .41,   1.83,      0,   1050,   -.23,   -.22,    .31,   1.62,   1.57,    .46,    .15,   16.3,   39.1,
       05,      00,   200703,   1.09,   40.5,   -.55,   1.09,  -1.66,    .22,      0,    741,   -.56,   -.66,   -.58,    .77,   1.93,    .26,    .02,   26.8,   54.2,
       05,      00,   200704,   2.08,   43.3,   -.29,   1.18,    .62,    .57,      0,    662,    .51,    .01,   -.13,   -.08,   1.41,    .72,    .06,   30.1,   56.6,
       05,      00,   200705,   2.09,   53.5,   -.23,   1.09,     .1,    .49,      2,    348,    .21,    .39,    .07,    .19,   1.04,   1.18,    .25,   39.5,   67.4,
       05,      00,   200706,   1.17,   62.8,   -.32,    .87,   -.34,    .08,     55,    111,   -.37,   -.07,    .11,   -.25,     .5,   1.33,   -.03,   47.2,   78.5,
       05,      00,   200707,      2,   69.7,   -.39,    .67,   -.32,   -.24,    173,      7,   -.18,   -.43,   -.15,    -.3,   -.18,    .95,     .2,   54.6,   84.8,
       05,      00,   200708,   2.41,   68.8,    .19,    .79,    .56,     .1,    148,     14,    .67,    .34,      0,   -.02,     .1,    .86,    .28,   54.4,   83.2,
       05,      00,   200709,    1.8,   59.7,    .38,    .92,    .62,     .4,     25,    173,     .6,    .83,    .57,    .39,    .08,    .69,    .39,   44.9,   74.4,
       05,      00,   200710,   1.13,   48.3,    -.2,    .63,    -.6,   -.12,      0,    497,   -.15,    .22,    .49,    .13,    .01,    .08,    .02,   33.3,   63.4,
       05,      00,   200711,     .4,     38,  -1.08,  -1.08,  -2.72,  -1.08,      0,    812,   -1.4,   -.98,   -.34,   -.26,   -.22,    -.1,   -.12,     23,   53.1,
       05,      00,   200712,   2.58,   22.4,   1.04,   1.04,   3.12,   1.04,      0,   1318,   2.33,   1.17,    .58,    .73,    .57,    .29,    .38,   11.1,   33.6,
       05,      00,   200801,    1.6,   20.9,   1.42,   1.42,   1.46,   1.42,      0,   1342,   1.09,   2.26,   1.46,   1.26,    .71,    .54,    .56,    8.4,   33.4,
       05,      00,   200802,   1.44,   27.6,    1.8,    1.8,   1.59,    1.8,      0,   1022,    .83,   1.23,   2.53,   1.37,    .89,     .7,    .82,     15,   40.2,
       05,      00,   200803,   1.01,   33.9,    .01,   1.63,    .04,   1.58,      0,    945,   -.72,   -.06,    .52,    .74,     .9,    .68,    .66,   20.1,   47.8,
       05,      00,   200804,   1.14,   40.9,   -.19,   1.27,   -.57,    .86,      0,    719,   -.81,  -1.15,   -.66,     .4,    .55,    .29,    .77,   25.9,   55.8,
       05,      00,   200805,   1.55,     51,   -.36,    .95,   -.57,    .21,      1,    423,   -.48,    -.9,  -1.13,    .52,    .14,    .06,    .93,   36.3,   65.7,
       05,      00,   200806,    .98,   61.6,   -.55,    .63,   -.68,   -.44,     45,    142,   -.72,   -.83,  -1.16,   -.64,   -.25,      0,    .98,   45.5,   77.6,
       05,      00,   200807,   1.48,   69.2,  -1.06,  -1.06,  -1.69,  -1.06,    168,     10,  -1.05,  -1.29,  -1.35,  -1.36,   -.43,    -.2,    .51,   53.5,   84.9,
       05,      00,   200808,   3.14,   65.7,    .89,    .89,   2.66,    .89,     72,     46,   1.77,    .56,    .01,   -.82,    .38,    .11,    .66,   51.9,   79.4,
       05,      00,   200809,    1.1,   57.3,   -.24,   -.24,   -.73,    .55,     10,    244,   -.39,    .86,    .19,   -.76,   -.46,   -.16,    .32,   42.5,   72.2,
       05,      00,   200810,   1.27,   47.6,   -.28,   -.28,   -.18,    .43,      0,    542,    .05,   -.31,    .61,   -.42,    -.7,   -.05,   -.14,   32.9,   62.2,
       05,      00,   200811,    .92,   38.3,   -.74,   -.74,  -1.46,   -.74,      0,    782,   -.18,   -.16,   -.38,   -.27,   -.88,    .12,   -.11,   25.2,   51.4,
       05,      00,   200812,   1.83,   25.3,    -.2,    -.2,   1.38,    .46,      0,   1239,   1.38,    .86,    .49,     .4,   -.41,    -.2,    .05,   13.2,   37.4,
       05,      00,   200901,    .98,   28.3,   -.31,   -.31,   -.38,   -.31,      0,   1106,      0,    .95,    .66,    .83,   -.19,   -.46,    .06,   15.5,   41.1,
       05,      00,   200902,    .78,   32.2,   -.61,   -.61,  -1.01,   -.61,      0,    898,   -.71,   -.53,    .45,   -.16,   -.16,   -.72,   -.01,   18.6,   45.8,
       05,      00,   200903,   1.13,   37.1,  -1.17,  -1.17,  -1.85,  -1.17,      0,    861,   -.48,   -.89,   -.78,   -.18,   -.08,   -.69,   -.05,   22.7,   51.4,
       05,      00,   200904,   2.36,     42,     .4,   -.64,   1.21,    .23,      0,    689,    .78,    .31,   -.01,    .29,    .55,   -.21,    .04,   28.7,   55.4,
       05,      00,   200905,   1.94,   54.5,    .17,   -.76,   -.56,    -.2,      3,    334,    .03,    .48,    .18,    .35,   -.02,   -.06,    .02,   41.1,   67.9,
       05,      00,   200906,   2.64,   59.8,   1.12,   1.12,   2.89,   1.12,     30,    178,   1.51,    .98,   1.07,    .53,    .64,     .6,    .46,   46.3,   73.3,
       05,      00,   200907,   2.31,   66.9,   1.63,   1.63,   1.88,   1.63,     87,     37,    .33,   1.37,    .99,    .66,    .81,    .96,    .51,     52,   81.9,
       05,      00,   200908,   1.18,   64.8,   1.11,   1.11,  -1.06,     .5,     58,     61,  -1.33,   -.65,    .44,    .35,    .49,    .19,    .18,   49.4,   80.3,
       05,      00,   200909,   1.46,   57.6,    1.1,    1.1,     .3,    .58,     10,    230,    .15,   -.81,   -.45,    .55,    .17,    .33,    .04,   43.3,   71.9,
       05,      00,   200910,    2.1,   40.8,   1.94,   1.94,   2.87,   1.94,      0,    774,   1.02,    .76,    .05,    .64,    .51,    .66,    .31,   28.5,   53.1,
       05,      00,   200911,    .61,   37.8,   1.27,   1.27,  -1.41,    .54,      0,    811,   -.87,    .41,    .38,    .47,    .42,    .54,    .37,   24.1,   51.5,
       05,      00,   200912,    1.3,   20.4,   1.41,   1.41,     .8,      1,      0,   1377,    .55,    -.3,    .48,   -.05,    .67,    .32,    .07,    8.5,   32.2,
       05,      00,   201001,    .88,   26.1,   1.25,   1.25,   -.04,    .77,      0,   1183,   -.22,    .18,   -.39,   -.29,    .35,    .29,   -.11,   13.2,   38.9,
       05,      00,   201002,   1.21,   24.6,   1.38,   1.38,    .77,   1.15,      0,   1127,    .35,   -.03,    .22,    .34,    .45,    .43,   -.19,   12.9,   36.3,
       05,      00,   201003,   1.74,   35.2,   1.53,   1.53,    .89,   1.53,      0,    907,    .54,    .59,     .3,     .5,    .01,    .69,   -.05,     22,   48.3,
       05,      00,   201004,   2.13,   43.6,   1.68,   1.68,    .93,   1.68,      0,    635,    .56,    .63,    .67,    .21,    .09,    .59,    .27,   30.1,   57.2,
       05,      00,   201005,   1.34,   50.1,   1.23,   1.23,   -.84,    .73,      1,    465,   -.78,   -.16,    .03,    .11,     .2,    .32,    .21,   36.1,   64.2,
       05,      00,   201006,   1.35,     64,   1.05,   1.05,   -.14,    .43,     71,    102,   -.07,   -.64,   -.24,    -.1,    .12,   -.17,    .33,   48.8,   79.1,
       05,      00,   201007,   2.46,   68.6,   1.19,   1.19,    .73,    .86,    136,     15,    .57,    .26,   -.24,    .16,   -.03,   -.11,    .59,   53.9,   83.4,
       05,      00,   201008,   2.34,   66.5,   1.37,   1.37,    .92,   1.37,    106,     29,    .56,    .75,    .46,    .24,    .31,    .38,    .37,     52,   80.9,
       05,      00,   201009,    .73,   61.2,    -.7,    -.7,  -2.09,    -.7,     36,    145,  -1.02,   -.33,    .03,   -.23,   -.11,    .09,    .23,   44.4,     78,
       05,      00,   201010,   1.41,   49.2,   -.67,   -.67,   -.13,   -.67,      0,    480,    .24,   -.55,   -.15,   -.36,    .01,   -.12,    .25,   34.8,   63.6,
       05,      00,   201011,    .95,   33.6,   -.73,   -.73,   -.39,   -.73,      0,    926,   -.12,    .03,   -.57,   -.08,    -.1,   -.03,    .26,   20.1,   47.2,
       05,      00,   201012,   1.65,   31.1,   -.28,   -.28,   1.13,    .38,      0,   1048,   1.12,    .66,    .48,    .28,      0,    .09,    .27,   19.3,   42.8,
       05,      00,   201101,    .71,     24,   -.56,   -.56,   -.93,   -.56,      0,   1242,   -.64,    .41,    .21,   -.12,   -.33,    .02,    .21,   10.9,   37.1,
       05,      00,   201102,   1.17,   24.2,   -.52,   -.52,   -.04,   -.52,      0,   1139,    .26,   -.34,    .38,   -.35,   -.01,   -.02,     .3,   10.6,   37.8,
       05,      00,   201103,   1.16,   37.7,  -1.01,  -1.01,  -1.65,  -1.01,      0,    831,   -.43,   -.24,   -.59,   -.08,    -.1,   -.25,    .28,   24.1,   51.3,
       05,      00,   201104,    2.1,     43,    .18,   -.73,    .53,   -.22,      0,    654,    .53,     .1,    .14,    .12,   -.11,   -.27,    .22,   29.2,   56.8,
       05,      00,   201105,   2.57,   49.3,     .8,     .8,   1.93,     .8,      0,    494,    .75,    .74,    .44,    .54,    .05,    .21,    .41,   35.8,   62.8,
       05,      00,   201106,    .94,   62.9,    .45,    .45,    -.8,    .45,     61,    120,    -.8,    .16,    .29,    -.1,    .12,    .05,   -.07,   46.9,   78.9,
       05,      00,   201107,   2.54,     70,    .84,    .84,   1.31,    .84,    183,     10,     .7,   -.09,    .45,     .3,    .32,     .1,   -.04,   55.2,   84.7,
       05,      00,   201108,    1.6,   69.2,   -.38,   -.38,  -1.13,    .38,    165,     12,   -.62,    .06,   -.42,    .01,    .16,   -.18,    .11,   53.9,   84.4,
       05,      00,   201109,   1.27,   58.5,   -.51,   -.51,    -.5,   -.51,     15,    208,   -.13,   -.55,   -.07,    .12,   -.16,    .05,    .02,     44,     73,
       05,      00,   201110,   1.66,   47.1,   -.19,   -.19,    .79,    .42,      0,    549,    .54,    .22,   -.11,    .12,    .13,    .19,   -.12,   32.8,   61.3,
       05,      00,   201111,    .99,   34.9,   -.32,   -.32,   -.46,   -.32,      0,    891,   -.03,    .34,    .18,   -.21,    .06,    .17,   -.01,   21.3,   48.4,
       05,      00,   201112,    .91,   24.4,   -.54,   -.54,   -.74,   -.54,      0,   1249,   -.23,   -.32,    .05,   -.05,     .1,   -.14,   -.05,   11.9,     37,
       05,      00,   201201,    .69,   29.4,   -.95,   -.95,  -1.42,   -.95,      0,   1072,   -.69,   -.71,   -.64,   -.57,   -.22,   -.15,   -.09,   15.8,     43,
       05,      00,   201202,   1.36,   27.4,   -.89,   -.89,   -.11,   -.89,      0,   1071,    .67,   -.09,   -.29,   -.16,   -.41,   -.09,   -.06,   15.4,   39.3,
       05,      00,   201203,    .45,   41.9,  -2.31,  -2.31,  -4.52,  -2.31,      0,    683,  -2.08,  -1.06,  -1.31,   -.79,   -.68,   -.38,   -.48,   26.6,   57.2,
       05,      00,   201204,   1.38,   48.2,  -3.04,  -3.04,  -2.92,  -3.04,      0,    489,   -.37,  -1.63,  -1.11,  -1.23,  -1.06,   -.66,   -.72,   33.6,   62.8,
       05,      00,   201205,    .91,   55.4,  -4.15,  -4.15,  -4.26,  -4.15,      8,    307,  -1.47,  -1.35,  -2.05,  -1.91,  -1.36,  -1.28,    -.8,   39.8,     71,
       05,      00,   201206,    .42,   67.9,  -5.67,  -5.67,  -5.85,  -5.67,    142,     42,  -2.23,  -2.98,  -2.11,   -2.3,  -1.66,  -1.46,  -1.07,     51,   84.8,
       05,      00,   201207,   2.27,   70.6,     -6,     -6,  -2.73,     -6,    206,      4,    .27,     -1,  -1.88,  -1.87,   -1.9,  -1.61,  -1.11,   55.6,   85.6,
       05,      00,   201208,   1.07,   67.7,  -6.75,  -6.75,  -4.11,  -6.75,    121,     19,  -1.52,   -.82,  -1.57,   -2.3,  -2.29,  -1.86,  -1.46,   52.3,   83.2,
       05,      00,   201209,   1.29,   59.5,  -6.46,  -6.46,  -1.21,  -6.46,     22,    174,    -.1,  -1.14,   -.73,  -1.96,   -2.3,  -1.82,  -1.32,   44.2,   74.8,
       05,      00,   201210,    .72,   46.5,  -6.29,  -6.29,  -1.47,  -6.29,      0,    594,   -.84,   -.69,   -1.4,  -1.99,   -2.3,  -2.42,  -1.43,     32,     61,
       05,      00,   201211,    .44,   39.4,  -6.73,  -6.73,  -3.28,  -6.73,      0,    764,  -1.29,   -1.5,  -1.28,  -1.81,  -2.51,  -2.55,  -1.53,   24.5,   54.3,
       05,      00,   201212,   1.31,   25.9,  -6.28,  -6.28,   -.72,  -6.28,      0,   1183,    .57,   -.54,   -.99,  -1.13,  -2.04,  -2.32,  -1.66,   13.5,   38.4,
       05,      00,   201301,    .91,   22.9,  -6.24,  -6.24,  -1.82,  -6.24,      0,   1247,   -.16,    .23,   -.55,  -1.51,  -1.91,  -2.26,  -1.63,    9.1,   36.7,
       05,      00,   201302,    .89,   25.7,  -6.35,  -6.35,  -2.28,  -6.35,      0,   1086,   -.41,   -.47,   -.11,  -1.13,  -1.61,  -2.29,  -1.67,   12.6,   38.8,
       05,      00,   201303,   1.07,     35,  -6.68,  -6.68,  -2.94,  -6.68,      0,    949,    -.6,   -.81,    -.8,   -1.3,  -1.41,  -2.14,  -1.72,     21,   48.8,
       05,      00,   201304,   1.67,   39.8,  -6.09,  -6.09,   -.31,  -6.09,      0,    790,    .04,   -.43,   -.62,   -.87,  -1.52,  -1.98,  -1.95,     26,   53.5,
       05,      00,   201305,   1.55,   52.8,  -6.04,  -6.04,  -1.71,  -6.04,      2,    380,   -.48,   -.38,   -.64,   -.63,  -1.24,  -1.68,  -2.18,   38.4,   67.2,
       05,      00,   201306,    .66,   65.6,  -6.71,  -6.71,  -3.89,  -6.71,     92,     77,  -1.46,  -1.24,   -.97,  -1.23,  -1.45,  -1.58,  -2.34,   48.9,   82.3,
       05,      00,   201307,   2.44,   68.5,   -6.4,   -6.4,  -1.15,   -6.4,    124,     16,    .54,   -.51,   -.68,   -.95,  -1.05,  -1.56,  -2.19,   54.2,   82.8,
       05,      00,   201308,   2.24,     67,   -5.9,   -5.9,   -.48,   -5.9,    111,     24,    .41,    .62,    -.2,   -.65,   -.64,  -1.12,  -2.12,   52.9,   81.1,
       05,      00,   201309,   3.88,   60.7,   1.74,  -3.56,   5.22,  -1.58,     35,    148,   2.72,   2.48,   2.25,    .82,     .4,   -.07,   -1.4,   47.7,   73.7,
       05,      00,   201310,   1.51,   44.2,   1.99,  -2.76,   1.29,   -.36,      0,    646,    .36,   2.08,   1.92,    .95,    .51,    .28,  -1.36,   30.9,   57.5,
       05,      00,   201311,   1.15,   35.2,   1.81,  -2.45,    .09,   -.09,      0,    875,    .28,    .36,   1.96,   1.26,     .6,    .52,  -1.31,   22.5,   47.9,
       05,      00,   201312,    .82,   23.7,   1.42,   -2.4,   -.61,   -.32,      0,   1245,   -.45,   -.22,   -.03,   1.71,    .68,    .32,  -1.34,   10.8,   36.6,
       05,      00,   201401,   1.18,   26.4,   1.34,  -2.09,     .2,   -.03,      0,   1178,    .39,   -.07,    .04,    1.8,    .83,    .44,  -1.21,   13.1,   39.8,
       05,      00,   201402,   1.18,   27.6,   1.31,  -1.77,    .31,    .29,      0,   1093,    .29,    .36,   -.03,   1.94,   1.18,    .52,  -1.25,   15.8,   39.4,
       05,      00,   201403,   1.15,   36.3,    .83,  -1.93,  -1.02,   -.24,      0,    893,   -.45,   -.24,   -.04,   -.12,   1.62,    .57,  -1.12,   22.1,   50.5,
       05,      00,   201404,   1.35,   43.3,    .43,  -2.04,   -.94,   -.65,      0,    637,   -.42,   -.71,   -.57,   -.49,   1.05,    .43,  -1.19,   29.6,   57.1,
       05,      00,   201405,   2.15,   52.4,    .47,  -1.75,    .24,   -.35,      2,    388,    .28,   -.14,   -.36,   -.36,    .95,    .65,   -.79,   38.5,   66.3,
       05,      00,   201406,   1.19,   62.5,    .18,  -1.81,   -.71,   -.62,     51,    128,   -.34,    .01,   -.34,   -.36,   -.32,    .87,   -.57,     47,     78,
       05,      00,   201407,   2.76,   68.4,    .66,  -1.13,   1.48,    .31,    122,     17,   1.05,    .41,    .48,   -.09,   -.07,   1.02,   -.45,   54.2,   82.6,
       05,      00,   201408,   2.59,   64.6,   1.26,   1.26,   1.99,   1.26,     64,     61,    .95,    1.3,    .77,    .16,    .13,   1.17,    .01,   50.9,   78.4,
       05,      00,   201409,   2.08,     60,   1.64,   1.64,   1.55,   1.64,     22,    177,    .94,   1.25,   1.48,    .67,    .55,    .45,     .2,   45.7,   74.3,
       05,      00,   201410,   1.08,   49.9,   -.28,   1.19,   -.84,    .69,      0,    466,   -.23,    .43,    .77,    .74,    .35,    .32,    .29,   35.6,     64,
       05,      00,   201411,   1.12,   33.4,    .09,   1.16,    .27,    .74,      0,    964,    .22,   -.15,    .47,    .74,    .32,    .29,    .48,   20.1,   46.7,
       05,      00,   201412,   1.31,   27.9,    .29,   1.25,    .62,   1.05,      0,   1153,    .57,    .43,      0,   1.08,    .55,    .46,    .53,   16.4,   39.4,
       05,      00,   201501,    .65,   29.2,   -.29,    .83,   -.86,    .13,      0,   1101,    -.8,   -.13,   -.04,    .56,    .59,    .26,    .47,   17.3,   41.1,
       05,      00,   201502,   1.35,   32.1,   -.06,    .95,    .61,     .5,      0,    938,    .65,   -.16,    .13,    .36,    .68,     .3,    .58,   19.4,   44.9,
       05,      00,   201503,    .86,   40.6,   -.92,   -.92,  -2.61,   -.92,      0,    762,  -1.03,   -.41,   -.82,   -.57,    .57,    .19,    .52,   26.3,   54.9,
       05,      00,   201504,   1.88,   44.8,   -.97,   -.97,   -.44,   -.97,      0,    605,     .3,   -.43,   -.17,   -.26,    .24,    .39,    .62,   31.1,   58.6,
       05,      00,   201505,    5.3,   49.8,   2.56,   2.56,   7.67,   2.56,      0,    481,   3.09,   2.19,    1.7,   1.54,   1.53,   1.66,   1.72,   38.4,   61.1,
       05,      00,   201506,   1.91,   64.9,   2.71,   2.71,   1.24,   2.71,     84,     81,     .7,    2.5,   2.14,   1.56,   1.32,   1.96,   2.05,   50.6,   79.2,
       05,      00,   201507,   2.37,   66.6,    3.1,    3.1,   2.01,    3.1,     98,     32,    .43,    .74,    2.4,   1.92,   1.58,   1.83,   2.17,   52.9,   80.2,
       05,      00,   201508,   1.67,   66.9,   2.77,   2.77,   -.03,   2.69,    103,     28,    -.5,   -.05,     .3,   1.56,   1.44,   1.43,   1.83,     52,   81.8,
       05,      00,   201509,    .76,   62.6,   1.82,   1.82,     -2,    .87,     53,    112,   -.97,  -1.06,   -.58,   1.51,   1.03,    .89,    .97,   47.2,   77.9,
       05,      00,   201510,   1.82,   51.4,    1.8,    1.8,     .5,   1.02,      0,    417,    .73,    -.1,   -.34,   1.66,   1.31,   1.12,   1.02,   38.2,   64.6,
       05,      00,   201511,   1.69,   34.6,   2.07,   2.07,   1.37,   1.77,      0,    906,   1.24,   1.19,    .46,    .43,   1.42,   1.36,   1.19,   21.7,   47.5,
       05,      00,   201512,   1.47,   25.8,   2.24,   2.24,   1.17,   2.24,      0,   1205,    .84,    1.4,   1.42,    .42,   1.92,   1.46,   1.33,   14.2,   37.4,
       05,      00,   201601,   1.02,   25.6,   2.13,   2.13,    .35,   2.13,      0,   1190,    .08,    .57,    1.1,     .3,    2.1,   1.64,   1.27,   13.2,   38.1,
       05,      00,   201602,    .85,   32.4,   1.88,   1.88,   -.08,   1.78,      0,    888,   -.52,   -.36,    .16,    .38,    .38,   1.43,    1.2,     19,   45.7,
       05,      00,   201603,   1.28,   37.9,   1.39,   1.39,    -.9,    .82,      0,    842,   -.21,   -.53,   -.45,    .72,    .08,   1.61,   1.34,   23.9,     52,
       05,      00,   201604,   2.74,   43.7,   1.92,   1.92,   2.01,   1.92,      0,    639,   1.11,    .76,     .5,    .96,    .44,   1.96,   1.88,   30.6,   56.8,
       05,      00,   201605,   2.07,   50.8,   1.93,   1.93,    .63,   1.93,      0,    450,    .19,    .84,    .61,    .58,    .64,    .62,    1.7,   37.5,   64.1,
       05,      00,   201606,   1.35,   66.4,   -.08,   1.65,   -.23,   1.47,    109,     60,   -.07,    .08,    .63,    .26,    .83,    .41,   1.72,   50.5,   82.3,
       05,      00,   201607,   1.64,   69.2,   -.43,   1.12,  -1.09,    .36,    158,     12,   -.78,   -.64,   -.31,      0,    .46,    .13,   1.43,     54,   84.4,
       05,      00,   201608,   2.07,   64.5,   -.31,   1.09,    .25,    .41,     63,     57,    .14,   -.41,   -.44,    .14,    .19,    .31,   1.22,   50.4,   78.7,
       05,      00,   201609,      1,   59.7,   -.73,   -.73,  -1.36,   -.73,     27,    170,   -.55,   -.33,   -.66,    .04,   -.18,    .41,    .93,   44.7,   74.6,
       05,      00,   201610,    .49,   51.8,  -1.54,  -1.54,  -2.68,  -1.54,      1,    399,  -1.34,   -1.3,   -.94,   -.89,   -.53,   -.06,    .71,   36.2,   67.3,
       05,      00,   201611,    .92,   40.2,  -2.05,  -2.05,     -2,  -2.05,      0,    724,   -.18,  -1.14,  -1.33,  -1.06,   -.47,    -.4,    .64,   26.4,     54,
       05,      00,   201612,   1.65,   25.2,    .21,  -1.63,    .63,  -1.28,      0,   1244,   1.12,    .62,   -.43,   -.74,   -.19,   -.36,    .77,   12.8,   37.6,
       05,      00,   201701,   2.29,   25.3,   1.01,   -.64,   2.48,     .9,      0,   1227,   2.01,   2.05,   1.71,     .3,   -.08,    .15,   1.21,   14.5,   36.2,
       05,      00,   201702,      1,   35.4,   -.18,   -.76,   -.55,    .47,      0,    815,   -.13,   1.53,   1.88,    .19,   -.19,    .19,   1.12,   22.9,   47.9,
       05,      00,   201703,   1.19,   42.5,   -.98,  -1.49,  -2.45,   -1.2,      0,    683,   -.37,   -.44,    .94,    .28,   -.28,    .16,   1.31,   27.9,   57.1,
       05,      00,   201704,   2.17,   44.3,     .1,  -1.24,     .3,   -.76,      0,    618,     .6,    .19,    .08,   1.07,    .17,   -.08,   1.47,   30.8,   57.7,
       05,      00,   201705,   2.82,   51.5,    .73,    .73,   1.91,    .73,      0,    420,   1.01,    .95,    .66,   1.44,    .56,     .2,    .63,   37.7,   65.2,
       05,      00,   201706,    .69,   64.8,    .06,    .06,  -1.78,   -.65,     77,     89,  -1.38,    .16,    .33,     .7,    .37,   -.05,    .29,   48.9,   80.7,
       05,      00,   201707,   3.05,   69.4,     .7,     .7,   1.95,     .7,    165,      8,   1.51,    .19,    .79,    .53,   1.18,    .53,    .45,   54.7,   84.1,
       05,      00,   201708,   1.87,   64.7,    .67,    .67,    .13,    .67,     56,     58,   -.18,    .87,    .02,    .46,    1.2,    .47,    .53,   50.6,   78.8,
       05,      00,   201709,   1.98,   59.1,   1.03,   1.03,   1.29,   1.03,     20,    187,    .82,    .48,   1.09,    .89,   1.16,    .83,    .89,   45.2,   73.1,
       05,      00,   201710,    .93,   46.7,   -.24,    .68,   -.73,    .04,      0,    580,   -.47,    .21,    .08,     .5,    .42,    .98,    .57,   31.9,   61.5,
       05,      00,   201711,    .52,   41.3,  -1.24,  -1.24,  -3.05,  -1.24,      0,    714,  -1.09,  -1.08,   -.25,   -.19,    .22,    .85,    .23,   27.7,   54.9,
       05,      00,   201712,     .4,   30.1,  -1.94,  -1.94,  -2.49,  -1.94,      0,   1081,   -1.8,  -1.81,  -1.58,   -.17,    .03,    .37,      0,   16.3,   43.9,
       05,      00,   201801,    .81,   29.7,   -2.4,   -2.4,  -1.99,   -2.4,      0,   1085,   -.39,  -1.49,  -1.92,   -.98,   -.27,   -.22,   -.04,   15.7,   43.6,
       05,      00,   201802,   1.13,   28.6,  -2.71,  -2.71,  -1.66,  -2.71,      0,   1047,    .17,   -.25,  -1.08,   -.97,   -.68,   -.18,    .01,   15.7,   41.4,
       05,      00,   201803,     .9,   37.8,  -3.67,  -3.67,  -3.73,  -3.67,      0,    838,   -.95,   -.69,   -.84,  -1.74,   -.62,    -.3,   -.15,   23.2,   52.4,
       05,      00,   201804,   1.37,   43.9,  -3.96,  -3.96,     -2,  -3.96,      0,    652,   -.39,   -.99,   -.87,  -1.71,  -1.26,   -.62,   -.55,   29.3,   58.5,
       05,      00,   201805,   1.54,   57.1,  -4.61,  -4.61,  -3.18,  -4.61,     15,    266,   -.49,   -.67,  -1.03,  -1.54,  -1.38,   -1.1,   -.66,   42.3,     72,
       05,      00,   201806,    .98,   66.5,  -5.61,  -5.61,  -4.43,  -5.61,    110,     63,   -.72,   -.84,   -.97,  -1.25,  -1.75,   -.98,   -.76,   50.1,   82.9,
       05,      00,   201807,   2.11,   69.9,  -5.94,  -5.94,  -2.72,  -5.94,    152,     10,      0,   -.53,    -.7,   -1.1,  -1.69,  -1.36,   -.65,   54.8,     85,
       05,      00,   201808,   1.45,   66.2,  -6.24,  -6.24,  -2.73,  -6.24,     74,     44,   -.87,   -.57,   -.88,  -1.32,  -1.65,  -1.56,   -.79,   51.3,     81,
       05,      00,   201809,    .66,   61.8,  -6.62,  -6.62,  -3.06,  -6.62,     39,    130,  -1.16,  -1.45,   -1.1,  -1.49,   -1.7,  -2.07,   -.93,   46.5,   77.1,
       05,      00,   201810,   2.38,     45,  -5.08,  -5.08,   2.59,  -4.08,      0,    625,    1.3,    .32,   -.14,   -.63,   -.98,  -1.51,   -.39,   32.9,   57.1,
       05,      00,   201811,    .87,   32.4,  -4.62,  -4.62,   -.19,  -3.66,      0,    967,   -.28,    .94,    .17,   -.51,  -1.03,  -1.35,   -.41,   19.9,     45,
       05,      00,   201812,    .74,   26.4,  -4.49,  -4.49,  -1.04,  -3.86,      0,   1172,   -.65,   -.74,    .46,   -.48,     -1,  -1.22,   -.59,   13.8,   39.1,
       05,      00,   201901,   1.38,   25.8,   -3.9,   -3.9,    .38,  -3.09,      0,   1180,    .74,     .1,   -.15,   -.33,    -.7,  -1.01,   -.83,   13.3,   38.4,
       05,      00,   201902,   1.57,   24.9,  -3.13,  -3.13,   1.09,  -1.92,      0,   1119,   1.09,   1.12,    .56,    .37,   -.32,   -.81,   -.68,   12.2,   37.6,
       05,      00,   201903,   2.78,   33.6,  -1.74,  -1.74,   3.22,    .54,      0,   1006,   1.88,   2.08,   1.99,   1.95,    .65,   -.07,   -.31,   21.5,   45.6,
       05,      00,   201904,   1.39,   45.4,  -1.91,  -1.91,  -1.06,   -.07,      0,    596,   -.36,    .87,   1.16,    .76,     .4,   -.07,   -.55,   31.6,   59.1,
       05,      00,   201905,   2.86,   47.8,   -.73,   -.73,   2.96,   1.89,      0,    543,   1.05,    .45,   1.16,   1.24,   1.07,    .43,    -.5,     35,   60.5,
